0.006199	0.13	2.28
0.00635794871795	0.16	2.22
0.00652526315789	0.2	2.16
0.00670162162162	0.23	2.09
0.00688777777778	0.26	2.0
0.00708457142857	0.3	1.91
0.00729294117647	0.33	1.83
0.00751393939394	0.36	1.73
0.00774875	0.38	1.62
0.00799870967742	0.39	1.52
0.00826533333333	0.4	1.42
0.00855034482759	0.39	1.3
0.00885571428571	0.37	1.19
0.0091837037037	0.35	1.09
0.00953692307692	0.28	0.97
0.0099184	0.2	0.87
0.0103316666667	0.1	0.78
0.0107808695652	0.02	0.71
0.0112709090909	-0.06	0.68
0.0118076190476	-0.1	0.68
0.012398	-0.12	0.72
0.0130505263158	-0.13	0.77
0.0137755555556	-0.13	0.78
0.0145858823529	-0.13	0.81
0.0154975	-0.13	0.82
0.0165306666667	-0.12	0.87
0.0177114285714	-0.08	1.01
0.0190738461538	0.03	1.06
0.0206633333333	0.19	0.99
0.0225418181818	0.29	0.85
0.024796	0.36	0.73
0.0275511111111	0.38	0.57
0.029999999758	0.48340591	0.38462856
0.0302445871813	0.47837253	0.37464987
0.0304911685053	0.47340897	0.36481262
0.0307397600871	0.46850365	0.35516236
0.0309903777852	0.46300833	0.34487467
0.0312430400572	0.45756833	0.33477323
0.0314977609609	0.45136058	0.32505951
0.0317545595378	0.44522693	0.31554207
0.0320134511236	0.43860378	0.30638282
0.0322744537494	0.43205726	0.2974129
0.0325375840852	0.42514798	0.2887787
0.0328028599183	0.41831479	0.28032665
0.0330702984708	0.41117196	0.27218713
0.0333399172364	0.40410282	0.26422312
0.0336117349037	0.3967519	0.25655183
0.033885767737	0.38947085	0.24905009
0.0341620350124	0.38192608	0.24182448
0.0344405554291	0.37443378	0.23476084
0.0347213451023	0.36662048	0.2279484
0.0350044252449	0.35882115	0.2213265
0.0352898135375	0.35056062	0.21510433
0.0355775279042	0.34241697	0.20911982
0.0358675875593	0.33427726	0.20372348
0.0361600131037	0.32621371	0.19844602
0.0364548212648	0.31803408	0.19332424
0.036752034368	0.30980678	0.18839055
0.037051669716	0.301114	0.18382697
0.0373537492854	0.29255501	0.1795873
0.0376582898082	0.28406591	0.17607013
0.037965315111	0.2755685	0.17261883
0.0382748425122	0.26681836	0.16923807
0.0385868930738	0.25805476	0.16649685
0.0389014882408	0.24906273	0.16504411
0.0392186486161	0.24052483	0.16377165
0.0395383938757	0.23268044	0.16282916
0.0398607465238	0.22496917	0.16189087
0.0401857282062	0.21737018	0.16095883
0.0405133582979	0.20981138	0.16050551
0.0408436604301	0.2022286	0.1607875
0.0411766546237	0.19506081	0.16123714
0.0415123639242	0.18840602	0.16193085
0.0418508104012	0.18181741	0.16267503
0.0421920150505	0.17527475	0.16349315
0.0425360035294	0.16903709	0.16492477
0.0428827946605	0.16312547	0.16706111
0.0432324134165	0.15767519	0.16922178
0.0435848837583	0.15269465	0.1714113
0.043940226973	0.14801614	0.17363058
0.044298467769	0.14362459	0.17587426
0.0446596281104	0.13936623	0.17832115
0.0450237335141	0.13523252	0.18092964
0.045390808343	0.13158652	0.18378583
0.0457608756915	0.12833179	0.18681357
0.046133958981	0.12548932	0.18991582
0.0465100854633	0.12295027	0.19304187
0.0468892776536	0.12081722	0.1962513
0.0472715601285	0.11895382	0.19947704
0.0476569615162	0.11756229	0.20279694
0.0480455036415	0.1164483	0.20612642
0.048437214189	0.1159293	0.20940149
0.0488321175588	0.11571579	0.21259838
0.0492302423944	0.11587913	0.21575437
0.0496316119822	0.11620684	0.21883635
0.0500362538852	0.1171387	0.22202204
0.0504441941267	0.11829887	0.22518963
0.0508554612153	0.12068526	0.22847106
0.0512700799715	0.12347804	0.23172678
0.0516880798233	0.12745807	0.23286611
0.0521094886007	0.13174973	0.23327774
0.0525343323811	0.13501434	0.23291026
0.0529626398514	0.13791779	0.23230531
0.0533944379086	0.14044622	0.23171171
0.0538297585042	0.14282264	0.2311091
0.0542686271657	0.14528022	0.23051926
0.0547110745135	0.1476938	0.22991972
0.055157126852	0.15043799	0.22933346
0.0556068182624	0.15317122	0.22873669
0.0560601760185	0.1568665	0.22767008
0.0565172277256	0.16061055	0.22653087
0.0569780091907	0.16383522	0.2238579
0.0574425437882	0.16691192	0.22103611
0.0579108684566	0.1694779	0.21824634
0.0583830100637	0.17192219	0.21549463
0.0588590013112	0.17421355	0.21277529
0.0593388726811	0.17642243	0.21009329
0.0598226551165	0.17877926	0.20744185
0.0603103859077	0.18106439	0.20482693
0.0608020883198	0.18395029	0.2022424
0.0612978037459	0.18675766	0.19967659
0.0617975593104	0.19001977	0.1956932
0.0623013885702	0.19316083	0.1917631
0.0628093256701	0.19572639	0.18744478
0.0633214021334	0.19825369	0.18320806
0.0638376564835	0.20146071	0.17908162
0.0643581180955	0.20453584	0.17473037
0.0648828233898	0.20720203	0.16719924
0.0654118060449	0.2095519	0.15982303
0.0659451037596	0.20997382	0.15256494
0.0664827478664	0.21019904	0.14550688
0.0670247736495	0.20935352	0.13889404
0.0675712206552	0.20840131	0.13247112
0.0681221217882	0.20690989	0.12644775
0.0686775179509	0.20534371	0.12060413
0.0692374354829	0.20341045	0.11511707
0.0698019242315	0.20142657	0.10980007
0.0703710115478	0.19919086	0.104802
0.0709447409822	0.19692317	0.099964285
0.0715231447293	0.19448363	0.095410427
0.072106267819	0.19202796	0.091008279
0.0726941435832	0.18946096	0.086860399
0.073286809982	0.18689176	0.082855355
0.0738843099713	0.18425801	0.079076828
0.074486682937	0.18163799	0.075432729
0.0750939643665	0.17899813	0.071990785
0.0757061993717	0.17639831	0.068675179
0.0763234246674	0.17383771	0.065539686
0.0769456821699	0.17140174	0.062413616
0.0775730145519	0.16916097	0.059247904
0.0782054554077	0.1667446	0.056056853
0.0788430585612	0.16401791	0.052778523
0.0794858589477	0.16121488	0.049664073
0.0801339020828	0.15827623	0.046756918
0.0807872238635	0.15530992	0.044000129
0.0814458764954	0.1522885	0.041422262
0.0821098917518	0.14924655	0.039014156
0.0827793289907	0.14616739	0.036799126
0.0834542212401	0.14316211	0.034741808
0.0841346129377	0.14023166	0.032852326
0.0848205550622	0.13736004	0.031062628
0.0855120879454	0.13454636	0.029371832
0.0862092643321	0.13180031	0.027773003
0.0869121199155	0.12911935	0.026260131
0.087620702854	0.12647335	0.0247692
0.0883350684949	0.12386378	0.023301578
0.089055254339	0.12125287	0.02191526
0.0897813110331	0.11865229	0.020596977
0.0905132902245	0.11606946	0.019364536
0.0912512378866	0.11351332	0.018198649
0.0919952006375	0.11096572	0.017110733
0.0927452257678	0.10844105	0.016079596
0.0935013683191	0.10590993	0.015205887
0.094263677357	0.10339589	0.014427554
0.0950322027174	0.10103352	0.013773747
0.0958069876353	0.09876819	0.013188786
0.0965880907461	0.09659946	0.012632673
0.0973755643883	0.09449549	0.012095849
0.0981694618068	0.09246302	0.011586094
0.0989698292894	0.09048099	0.011093525
0.0997767216192	0.08856615	0.010626215
0.100590186429	0.08669721	0.010174164
0.101410288457	0.08487541	0.0097114955
0.10223707721	0.08309073	0.0092522688
0.10307061135	0.08132252	0.0088131944
0.103910933294	0.0795819	0.0083864153
0.1047581121	0.07784644	0.0079864502
0.105612191657	0.07613623	0.0075993294
0.10647323428	0.07446543	0.0072883885
0.107341303614	0.07282683	0.006997934
0.10821644581	0.07123614	0.0067237082
0.109098726428	0.06967755	0.0064569575
0.109988192992	0.0681293	0.0062165783
0.11088492304	0.06660688	0.0059840933
0.111788956012	0.0651466	0.0058282967
0.112700361754	0.06371674	0.0056833822
0.113619190958	0.06234548	0.005542741
0.114545515859	0.06100175	0.0054048861
0.115479399716	0.05969372	0.0052737479
0.116420885069	0.05841001	0.0051453028
0.117370058669	0.05716497	0.0050369827
0.118326964757	0.05594288	0.0049311284
0.119291670347	0.05474881	0.0048278246
0.120264243766	0.05357638	0.0047268823
0.121244754707	0.05242612	0.0046524021
0.122233250185	0.05129757	0.0045796494
0.123229801614	0.05020784	0.004519786
0.124234483158	0.04913768	0.0044611907
0.12524735418	0.04808524	0.0044090695
0.126268483685	0.0470533	0.0043601011
0.127297939318	0.04605418	0.0043360846
0.128335787202	0.04507396	0.0043121027
0.129382095822	0.04411785	0.0042882975
0.130436936172	0.04317729	0.0042689064
0.131500374943	0.04224331	0.0042761854
0.132572485461	0.04133272	0.0042877915
0.133653335223	0.04047103	0.0043242235
0.134742998543	0.03963149	0.0043598614
0.135841545165	0.03883553	0.0043968329
0.136949047399	0.03805975	0.0044297268
0.138065580282	0.03732006	0.0044516061
0.13919121551	0.03659357	0.0044692838
0.140326029045	0.03588063	0.0044760366
0.141470093356	0.03518149	0.0044824233
0.142623485273	0.03449826	0.0044891498
0.143786279637	0.03382902	0.0044955678
0.14495855586	0.03317658	0.0045023395
0.146140389639	0.03253813	0.0045088191
0.147331857844	0.03191663	0.0045155724
0.148533040347	0.0313107	0.0045220774
0.149744014793	0.0307248	0.0045288337
0.150964863713	0.03015061	0.0045291661
0.152195665537	0.02958916	0.0045187342
0.153436501786	0.02903695	0.0045080229
0.154687455356	0.02849355	0.004497069
0.155948606645	0.02796041	0.0044860879
0.157220041267	0.02743777	0.0044752169
0.158501840299	0.02692577	0.0044643244
0.159794090145	0.02642477	0.0044535123
0.161096876642	0.0259353	0.0044426766
0.162410284954	0.02545774	0.0044318829
0.163734399455	0.0249912	0.0044166253
0.165069310204	0.02453574	0.0043966461
0.166415104424	0.02408679	0.0043747473
0.167771870744	0.02364428	0.004350995
0.169139699255	0.02320872	0.0043273712
0.170518676884	0.02278007	0.0043038626
0.171908901372	0.02235958	0.0042804836
0.173310457881	0.02194696	0.0042572104
0.17472344005	0.02154348	0.0042340969
0.176147943131	0.02114845	0.0042111052
0.177584061517	0.02076236	0.0041844928
0.179031886015	0.02038433	0.0041555478
0.180491516629	0.02001037	0.0041241214
0.181963047236	0.01964135	0.0040913132
0.183446573146	0.01927757	0.0040587828
0.184942193929	0.01891943	0.0040265156
0.186450010892	0.01856723	0.003994494
0.187970118603	0.01822097	0.00396272
0.189502621649	0.01788123	0.0039312105
0.191047617733	0.01754757	0.0038999561
0.192605211995	0.01722544	0.003865886
0.194175502359	0.01691109	0.0038309321
0.195758597407	0.01659664	0.003788544
0.197354598347	0.01628568	0.0037439734
0.198963611099	0.01597472	0.0036998915
0.200585743376	0.01566753	0.0036563591
0.202221098155	0.01536283	0.0036133052
0.203869786634	0.0150627	0.0035707912
0.205531918611	0.01476529	0.0035287451
0.207207598833	0.01447253	0.0034872305
0.208896944101	0.01418252	0.0034461661
0.210600059158	0.01389716	0.0034056221
0.212317061058	0.01361519	0.0033655172
0.214048061645	0.01333796	0.003325924
0.215793174548	0.01306433	0.0032844006
0.217552515252	0.01279541	0.003243129
0.219326201181	0.01252593	0.003199918
0.221114347828	0.01226077	0.0031570769
0.222917068522	0.01199586	0.0031147635
0.224734490465	0.01173542	0.0030730561
0.226566730965	0.01147756	0.0030318732
0.228413904935	0.0112243	0.0029912831
0.230276141733	0.01096982	0.0029446951
0.232153564546	0.01071988	0.0028987036
0.23404628978	0.01046474	0.002852191
0.235954444387	0.01021411	0.0028064261
0.237878157534	0.00995928	0.0027613943
0.239817556057	0.0097087	0.0027170862
0.241772764179	0.00945236	0.0026734878
0.243743917584	0.00920018	0.0026309996
0.245731135056	0.00894358	0.0025941581
0.247734556599	0.00869132	0.0025580906
0.24975431492	0.00843792	0.0025245777
0.251790534727	0.00818838	0.0024915329
0.253843363166	0.00793574	0.0024588931
0.255912918766	0.00768621	0.0024263738
0.257999353399	0.00743057	0.0023923519
0.260102800397	0.0071768	0.0023587527
0.26222338954	0.00691238	0.0023252511
0.264361274864	0.00664729	0.0022933599
0.266516585025	0.00636282	0.0022664386
0.268689467663	0.00607835	0.0022423134
0.270880067228	0.0057788	0.0022270589
0.273088524603	0.0054765	0.0022204633
0.275314988949	0.00515249	0.0022400738
0.277559605858	0.00482424	0.0022714515
0.279822523276	0.00447248	0.0023356572
0.282103891596	0.0041394	0.002420951
0.284403857239	0.00383975	0.0025589617
0.286722575488	0.00355185	0.0026951925
0.289060197637	0.00328117	0.002831842
0.291416877414	0.00300946	0.0029712138
0.293792771072	0.0027302	0.0031191157
0.296188030425	0.00244616	0.0032919826
0.298602823947	0.00214936	0.0035102986
0.301037301503	0.00188693	0.0037664874
0.303491629832	0.00167351	0.0040841505
0.305965971194	0.00150672	0.0044024099
0.308460482886	0.00140264	0.00472481
0.310975332317	0.00132232	0.0050409003
0.313510681894	0.00127122	0.0053513482
0.316066704606	0.00127472	0.0056543204
0.318643568409	0.00134022	0.0059500354
0.321241435689	0.00141013	0.0062061089
0.32386048807	0.00148467	0.0064216652
0.326500893506	0.00159667	0.0066450333
0.329162822496	0.00174359	0.006875421
0.331846448187	0.00190281	0.0070194696
0.334551964544	0.00207193	0.0070894911
0.337279532886	0.00222689	0.0071500056
0.340029344329	0.00237005	0.0072026686
0.342801565285	0.00250119	0.007233347
0.345596393086	0.00262292	0.0072481661
0.348414009481	0.00274483	0.0072514726
0.351254599096	0.00286569	0.0072471259
0.354118339448	0.00296699	0.0072232796
0.357005431073	0.00305591	0.0071881156
0.359916067968	0.00313615	0.0071531966
0.362850426282	0.00321077	0.0071183577
0.365808705887	0.0032777	0.0070731971
0.368791110296	0.00333998	0.0070233419
0.371797835662	0.0033935	0.0069726702
0.374829058691	0.0034424	0.0069218433
0.377885004028	0.00348547	0.0068714137
0.380965866159	0.00352545	0.0068213295
0.384071842438	0.00356381	0.0067714023
0.387203145296	0.00360071	0.0067217431
0.390359978776	0.00363454	0.006668165
0.393542537685	0.00366658	0.0066137703
0.396751057496	0.00369662	0.0065598277
0.399985727239	0.00372525	0.0065063306
0.403246777303	0.00375807	0.0064487781
0.406534402752	0.00379078	0.00639079
0.409848841546	0.00381655	0.0063248003
0.413190295327	0.00384017	0.0062580007
0.416558996235	0.00385702	0.0061918362
0.419955166619	0.0038721	0.0061264353
0.423379018063	0.00388453	0.0060616732
0.426830794434	0.00389594	0.0059976627
0.430310699736	0.00390569	0.0059342529
0.433818985722	0.00391461	0.0058715813
0.437355863146	0.00392271	0.0058095008
0.440921592277	0.00393009	0.0057481479
0.444516375291	0.00394708	0.0056873783
0.448140480872	0.00396352	0.0056273251
0.45179411788	0.00397065	0.005519649
0.455477547341	0.00397663	0.0054138996
0.459191018612	0.00395304	0.0053658758
0.462934750919	0.00392982	0.0053183075
0.466709018559	0.00391511	0.0052711464
0.470514048173	0.00390111	0.0052244302
0.474350105348	0.0039003	0.0051780964
0.478217442362	0.00389958	0.0051318465
0.482116296888	0.0039046	0.0050821458
0.486046947791	0.00390907	0.0050324529
0.490009640914	0.00391355	0.004978983
0.49400464519	0.0039177	0.0049261192
0.498032214385	0.00392313	0.0048736843
0.50209262633	0.00392871	0.0048218659
0.506186143401	0.00393784	0.00477061
0.510313032056	0.00394847	0.0047192701
0.514473562997	0.00396841	0.0046654087
0.518668011349	0.00398891	0.0046095285
0.522896656844	0.00401441	0.0045439232
0.52715978401	0.00403841	0.0044739045
0.53145765959	0.00406011	0.0043868713
0.535790600345	0.00407632	0.0042986212
0.540158835801	0.00407854	0.0042038757
0.544562692176	0.00407721	0.0041110494
0.549002478703	0.0040677	0.0040204061
0.553478436528	0.00405558	0.0039312269
0.557990883569	0.00403791	0.0038432345
0.562540144168	0.00401672	0.0037573314
0.567126471536	0.00398843	0.0036739837
0.571750199857	0.00395962	0.0035955992
0.576411616847	0.00392972	0.0035250066
0.581111041377	0.00390014	0.0034566274
0.585848798181	0.00387096	0.0033910719
0.590625161823	0.0038426	0.0033273182
0.595440466735	0.00381536	0.0032656717
0.60029505388	0.00378869	0.0032051901
0.605189182392	0.00376272	0.0031458923
0.610123232787	0.00373738	0.0030876655
0.615097503224	0.00371276	0.0030305047
0.620112357477	0.00368961	0.0029741944
0.625168072538	0.00366807	0.002918705
0.630264991403	0.00364761	0.0028618115
0.635403495826	0.00362823	0.0028035031
0.640583876858	0.00360838	0.0027427603
0.645806495267	0.00358808	0.0026798981
0.651071684578	0.00356404	0.0026161045
0.656379818062	0.00353694	0.0025517389
0.66173120583	0.00350712	0.0024890064
0.66712623295	0.00347534	0.0024277777
0.672565255999	0.00344178	0.0023694807
0.67804860041	0.00340714	0.0023135086
0.683576670749	0.00337257	0.0022599627
0.689149803814	0.00333818	0.0022082776
0.694768379532	0.0033049	0.0021580299
0.70043274518	0.00327241	0.002108982
0.706143333085	0.00324011	0.0020597665
0.711900463017	0.00320809	0.0020109186
0.717704498748	0.00317492	0.0019623968
0.723555893788	0.00314145	0.0019145189
0.729454941007	0.00310725	0.0018679416
0.735402151624	0.00307302	0.0018224053
0.741397785387	0.00303842	0.0017780778
0.74744232507	0.00300398	0.0017347121
0.753536174234	0.00296934	0.0016924969
0.759679650236	0.00293495	0.0016511836
0.765873260763	0.00290054	0.0016108828
0.772117334682	0.00286645	0.0015714064
0.778412348968	0.00283229	0.0015326278
0.784758692399	0.00279845	0.0014945722
0.791156758861	0.00276417	0.001457281
0.797606947557	0.00273018	0.0014207069
0.804109767534	0.00269593	0.0013851937
0.81066558142	0.00266202	0.0013504187
0.817274862298	0.00262799	0.001316667
0.823938038371	0.00259434	0.0012836073
0.830655544539	0.00256066	0.0012515304
0.837427766114	0.00252739	0.0012201014
0.84425526444	0.00249414	0.0011895858
0.85113838214	0.00246132	0.0011596751
0.858077640316	0.00242854	0.0011306344
0.865073451351	0.00239621	0.0011021623
0.872126293567	0.00236391	0.0010745324
0.879236654084	0.00233207	0.0010474362
0.886405029187	0.00230031	0.0010211867
0.893631795878	0.00226901	0.00099544411
0.900917463593	0.00223786	0.0009704884
0.908262551906	0.00220715	0.00094602049
0.915667523323	0.00217669	0.00092230241
0.923132915653	0.00214665	0.00089903979
0.930659138321	0.00211679	0.00087629503
0.93824667442	0.00208734	0.00085400512
0.945896086624	0.00205805	0.00083235046
0.953607950066	0.00202916	0.00081113486
0.961382629201	0.00200045	0.00079052381
0.96922063888	0.00197213	0.00077034152
0.977122579704	0.00194405	0.00075076399
0.985088988146	0.00191636	0.00073159087
0.99312033073	0.00188897	0.0007129421
1.00121715962	0.00186199	0.00069468478
1.0093799551	0.00183537	0.00067692757
1.01760936982	0.00180909	0.00065946641
1.02590581824	0.00178298	0.00064218303
1.03426997416	0.00175719	0.00062527331
1.04270226578	0.00173155	0.00060882005
1.0512033005	0.00170621	0.00059272528
1.05977360781	0.00168102	0.00057706008
1.06841390862	0.00165615	0.00056175922
1.07712456913	0.00163148	0.00054690902
1.08590623684	0.00160713	0.00053240859
1.09475957365	0.00158301	0.00051833091
1.10368496177	0.00155921	0.00050459022
1.11268327908	0.00153566	0.00049124559
1.12175482337	0.00151242	0.00047822489
1.13090039849	0.00148945	0.00046557521
1.1401205173	0.00146678	0.00045323769
1.14941580325	0.00144438	0.00044124801
1.15878689088	0.00142228	0.00042955677
1.16823431626	0.00140045	0.00041818953
1.17775884404	0.00137891	0.00040711088
1.18736103121	0.00135765	0.00039633849
1.19704144034	0.00133668	0.0003858422
1.20680087484	0.00131598	0.00037563109
1.21663980141	0.00129557	0.00036568402
1.2265589284	0.00127543	0.00035600232
1.23655885558	0.00125556	0.0003465773
1.24664046583	0.00123596	0.00033740328
1.2568041963	0.00121664	0.00032847871
1.26705080374	0.00119758	0.00031979144
1.27738094334	0.00117879	0.00031134134
1.2877953069	0.00116028	0.00030311146
1.29829458461	0.00114202	0.00029510567
1.30887945065	0.00112403	0.00028730255
1.31955061755	0.0011063	0.00027971526
1.33030878186	0.00108882	0.00027231806
1.3411546658	0.0010716	0.00026512753
1.35208897474	0.00105463	0.00025811453
1.36311242523	0.00103791	0.00025129842
1.3742257455	0.00102143	0.00024464768
1.38542967591	0.0010052	0.00023818867
1.39672495374	0.00098921	0.0002318853
1.40811231244	0.00097346	0.00022576618
1.41959251329	0.00095796	0.00021979249
1.4311663142	0.00094269	0.00021399226
1.4428344857	0.00092766	0.00020832649
1.45459776025	0.00091288	0.00020280809
1.46645696734	0.00089834	0.00019740927
1.47841284713	0.00088405	0.00019214116
1.49046620371	0.00086999	0.0001869829
1.50261781888	0.00085609	0.00018185135
1.51486852376	0.00084239	0.00017680029
1.52721910831	0.00082883	0.00017189596
1.53967037468	0.00081545	0.00016709842
1.55222315716	0.00080222	0.00016246068
1.56487828477	0.00078919	0.0001579263
1.57763658028	0.00077632	0.00015354389
1.59049889992	0.00076365	0.00014925714
1.60346609411	0.00075113	0.00014511585
1.61653898534	0.00073882	0.00014106332
1.62971847238	0.00072667	0.00013714936
1.64300540542	0.00071471	0.00013331776
1.65640066994	0.0007029	0.00012961834
1.66990514405	0.00069129	0.00012599514
1.6835197202	0.00067983	0.0001225
1.69724530571	0.00066856	0.00011907554
1.71108277616	0.00065744	0.00011577423
1.72503306824	0.00064651	0.00011253862
1.73909708655	0.00063572	0.00010940746
1.75327577475	0.00062511	0.00010633857
1.76757006776	0.00061463	0.00010337544
1.78198089037	0.00060433	0.0001004725
1.79650920786	0.00059417	9.7669246e-005
1.81115597578	0.00058417	9.4924122e-005
1.82592216544	0.0005743	9.2273915e-005
1.84080873715	0.00056459	8.9679842e-005
1.85581666651	0.00055501	8.7175682e-005
1.87094697322	0.00054559	8.4725488e-005
1.88620060929	0.0005363	8.2359178e-005
1.90157862775	0.00052715	8.0045129e-005
1.91708201253	0.00051813	7.7811015e-005
1.93271179247	0.00050926	7.562681e-005
1.94846901381	0.00050051	7.3514969e-005
1.96435467867	0.00049189	7.1450715e-005
1.98036986722	0.0004834	6.9452584e-005
1.99651564701	0.00047504	6.7503195e-005
2.01279303851	0.00046679	6.562607e-005
2.02920314332	0.00045868	6.3790924e-005
2.04574704897	0.00045068	6.2007993e-005
2.06242582699	0.0004428	6.0267961e-005
2.07924060056	0.00043503	5.858389e-005
2.09619244176	0.00042737	5.6940775e-005
2.11328247467	0.00041982	5.5349051e-005
2.13051187894	0.00041239	5.3797072e-005
2.14788174475	0.00040505	5.229394e-005
2.16539321588	0.00039782	5.0828833e-005
2.18304745501	0.00039068	4.9408998e-005
2.20084560543	0.00038364	4.802581e-005
2.21878890777	0.0003767	4.6684997e-005
2.23687846515	0.00036985	4.5379324e-005
2.25511551801	0.00036309	4.4113147e-005
2.27350124638	0.00035642	4.288063e-005
2.29203689111	0.00034983	4.1684732e-005
2.31072367195	0.00034333	4.0521082e-005
2.32956274119	0.00033689	3.9391462e-005
2.34855544424	0.00033054	3.8293059e-005
2.36770301831	0.00032425	3.7226741e-005
2.38700667438	0.00031803	3.61901e-005
2.40646768762	0.00031187	3.5183e-005
2.426087402	0.00030577	3.4204464e-005
2.44586704201	0.00029972	3.3253528e-005
2.46580794709	0.00029372	3.2329916e-005
2.48591148066	0.00028776	3.1431962e-005
2.50617887911	0.00028181	3.0560255e-005
2.5266114979	0.00027591	2.9712435e-005
2.54721071592	0.00026999	2.8889647e-005
2.56797788333	0.0002641	2.8088993e-005
2.58891437223	0.00025815	2.7312413e-005
2.61002152268	0.00025221	2.6556445e-005
2.63130075078	0.00024614	2.582351e-005
2.65275349736	0.00024005	2.5109716e-005
2.67438117132	0.0002337	2.4417997e-005
2.69618514593	0.00022727	2.3744055e-005
2.71816687422	0.00022029	2.3091183e-005
2.7403278341	0.00021313	2.2454777e-005
2.76266946781	0.00020449	2.1838487e-005
2.78519324058	0.00019534	2.1237452e-005
2.80790064154	0.00016969	2.065517e-005
2.83079318469	0.00013831	2.0086885e-005
2.8538723443	0.00012246	6.7159327e-005
2.87713968409	0.00016751	6.5298775e-005
2.90059672794	0.00017775	6.3497041e-005
2.92424502447	0.00017783	6.1737029e-005
2.94808607793	0.00015794	6.003149e-005
2.97212155733	0.00015537	7.9986908e-005
2.9963530193	0.00017398	7.7797012e-005
3.02078197125	0.00017947	7.5653473e-005
3.0454100907	0.0001809	7.3580973e-005
3.07023901036	0.00018154	7.1554161e-005
3.09527039039	0.00018104	6.9593028e-005
3.12050584109	0.00018035	6.7674009e-005
3.14594699742	0.0001788	6.5819069e-005
3.17159560115	0.00017716	6.4003379e-005
3.19745334369	0.00016872	6.2249085e-005
3.22352186065	0.00015983	6.0531247e-005
3.24980289649	0.00016884	6.638748e-005
3.2762982259	0.00017224	6.4594703e-005
3.30300956709	0.00017166	6.2858552e-005
3.3299387547	0.00017093	6.1156805e-005
3.3570873847	0.00016971	5.950485e-005
3.38445744019	0.00016848	5.7885302e-005
3.41205057111	0.00016701	5.6316244e-005
3.43986863797	0.00016554	5.4778303e-005
3.46791363122	0.00016392	5.3287612e-005
3.49618718763	0.00016231	5.1826965e-005
3.52469126115	0.00016059	5.0411557e-005
3.55342774078	0.00015888	4.9025e-005
3.58239844379	0.0001571	4.7679996e-005
3.61160542415	0.00015533	4.6363122e-005
3.64105045627	0.0001535	4.5087968e-005
3.67073555376	0.00015169	4.3839792e-005
3.70066276727	0.00014985	4.2629925e-005
3.73083384919	0.00014802	4.1445951e-005
3.76125102643	0.00014616	4.029732e-005
3.79191611075	0.00014432	3.917397e-005
3.82283128789	0.00014247	3.80856e-005
3.85399842856	0.00014063	3.7021463e-005
3.88541966967	0.00013878	3.5989878e-005
3.91709718771	0.00013695	3.4981447e-005
3.949032823	0.00013511	3.4002961e-005
3.98122894545	0.00013329	3.3047217e-005
4.01368758761	0.00013148	3.2120862e-005
4.04641081109	0.00012968	3.1216352e-005
4.0794007078	0.00012788	3.0339342e-005
4.11265967406	0.00012611	2.9482967e-005
4.14618987958	0.00012434	2.8651504e-005
4.17999324687	0.00012259	2.7840391e-005
4.21407243228	0.00012085	2.7053626e-005
4.24842928394	0.00011913	2.6286315e-005
4.28306640055	0.00011743	2.554153e-005
4.31798583897	0.00011574	2.4815484e-005
4.35318983163	0.00011406	2.4110657e-005
4.38868095535	0.0001124	2.3423881e-005
4.42446152665	0.00011076	2.275699e-005
4.46053373859	0.00010914	2.2107478e-005
4.49689997542	0.00010753	2.1476614e-005
4.53356282713	0.00010594	2.0862501e-005
4.57052459912	0.00010437	2.0265925e-005
4.60778762938	0.00010282	1.968535e-005
4.64535446381	0.00010128	1.9121006e-005
4.68322751813	9.976e-005	1.8572207e-005
4.72140942487	9.826e-005	1.8038777e-005
4.75990268422	9.678e-005	1.7520194e-005
4.79870965105	9.532e-005	1.7015893e-005
4.83783308781	9.38700000001e-005	1.6525959e-005
4.87727542916	9.244e-005	1.6049421e-005
4.9170393379	9.103e-005	1.5586563e-005
4.95712752412	8.964e-005	1.513613e-005
4.99754254572	8.827e-005	1.4698984e-005
5.03828699868	8.69100000001e-005	1.4273505e-005
5.07936372673	8.558e-005	1.3860653e-005
5.12077520557	8.42599999999e-005	1.3458571e-005
5.16252437032	8.295e-005	1.3068775e-005
5.20461399652	8.167e-005	1.268913e-005
5.24704668466	8.04e-005	1.2321145e-005
5.28982529539	7.915e-005	1.1962549e-005
5.33295273996	7.792e-005	1.1615123e-005
5.37643174924	7.67e-005	1.1276418e-005
5.42026533069	7.55e-005	1.0948551e-005
5.46445630775	7.432e-005	1.062884e-005
5.50900754727	7.316e-005	1.0319476e-005
5.55392196126	7.201e-005	1.0017677e-005
5.59920250881	7.08699999999e-005	9.7257327e-006
5.64485219803	6.976e-005	9.4407896e-006
5.69087408806	6.86600000001e-005	9.1653942e-006
5.73727129121	6.757e-005	8.8965286e-006
5.78404670531	6.651e-005	8.6367018e-006
5.83120354244	6.545e-005	8.3829103e-006
5.87874479552	6.442e-005	8.1379016e-006
5.92667350129	6.339e-005	7.8985065e-006
5.97499303006	6.239e-005	7.6674082e-006
6.02370681854	6.13900000001e-005	7.4414847e-006
6.07281748019	6.04199999999e-005	7.22354e-006
6.122328549	5.945e-005	7.0103975e-006
6.17224332519	5.851e-005	6.8048611e-006
6.2225648531	5.757e-005	6.6037571e-006
6.27329685025	5.665e-005	6.4100391e-006
6.3244424704	5.574e-005	6.2204284e-006
6.37600523781	5.48500000001e-005	6.0378367e-006
6.42798807603	5.397e-005	5.8590306e-006
6.4803949497	5.311e-005	5.686857e-006
6.53322888317	5.226e-005	5.5181757e-006
6.58649362928	5.142e-005	5.3559277e-006
6.64019266092	5.059e-005	5.1969553e-006
6.69432950658	4.978e-005	5.0440148e-006
6.74890775259	4.897e-005	4.8942209e-006
6.80393104552	4.819e-005	4.7500564e-006
6.85940271521	4.741e-005	4.6089174e-006
6.91532690342	4.664e-005	4.4729333e-006
6.97170666851	4.589e-005	4.3398659e-006
7.0285462837	4.515e-005	4.2116823e-006
7.08584931088	4.442e-005	4.086315e-006
7.1436197732	4.37e-005	3.9655262e-006
7.20186093577	4.3e-005	3.8474449e-006
7.26057694121	4.23000000001e-005	3.7336484e-006
7.31977158392	4.162e-005	3.622434e-006
7.37944915668	4.094e-005	3.5151106e-006
7.43961314972	4.028e-005	3.4102998e-006
7.50026754261	3.963e-005	3.3092408e-006
7.56141638173	3.898e-005	3.2105649e-006
7.62306425171	3.835e-005	3.1152603e-006
7.68521393477	3.773e-005	3.0222815e-006
7.74787110087	3.711e-005	2.9325536e-006
7.81103863944	3.651e-005	2.8450236e-006
7.87472142649	3.592e-005	2.760416e-006
7.93892292931	3.533e-005	2.6779452e-006
8.00364818653	3.476e-005	2.5982632e-006
8.0689013102	3.419e-005	2.5206305e-006
8.1346864724	3.36399999999e-005	2.4455818e-006
8.20100736523	3.309e-005	2.3724943e-006
8.26786936446	3.255e-005	2.3018115e-006
8.33527686424	3.202e-005	2.2329995e-006
8.40323319108	3.15e-005	2.1663985e-006
8.47174398688	3.099e-005	2.1015864e-006
8.54081327997	3.04800000001e-005	2.038818e-006
8.61044573884	2.998e-005	1.9778018e-006
8.6806461151	2.95e-005	1.9187397e-006
8.7514186291	2.901e-005	1.8613252e-006
8.82276817874	2.854e-005	1.805677e-006
8.89469911661	2.808e-005	1.7516115e-006
8.96721649875	2.762e-005	1.6991945e-006
9.04032548088	2.717e-005	1.648309e-006
9.11403065249	2.672e-005	1.59897e-006
9.18833666724	2.629e-005	1.5510968e-006
9.26324824564	2.586e-005	1.5046544e-006
9.33877017782	2.543e-005	1.4595898e-006
9.41490875634	2.502e-005	1.4158298e-006
9.49166753624	2.461e-005	1.3734092e-006
9.56905227405	2.421e-005	1.3322161e-006
9.64706735533	2.381e-005	1.2922829e-006
9.72571872889	2.342e-005	1.2534705e-006
9.80501170702	2.304e-005	1.2158906e-006
9.88495090772	2.266e-005	1.1793668e-006
9.96554259719	2.229e-005	1.1440092e-006
10.0467907521	2.19299999999e-005	1.1096208e-006
10.1287010035	2.157e-005	1.0763516e-006
10.21127909	2.121e-005	1.0439831e-006
10.2945308623	2.087e-005	1.0126788e-006
10.3784614195	2.053e-005	9.8220392e-007
10.4630759249	2.019e-005	9.5274946e-007
10.5483805071	1.986e-005	9.2406303e-007
10.6343805113	1.953e-005	8.9634959e-007
10.7210813574	1.921e-005	8.6934537e-007
10.8084894853	1.89e-005	8.4327241e-007
10.8966095619	1.859e-005	8.1785477e-007
10.9854482241	1.828e-005	7.9332377e-007
11.0750122604	1.799e-005	7.6939669e-007
11.1653056005	1.769e-005	7.4631596e-007
11.2563352067	1.73999999999e-005	7.2379316e-007
11.348107169	1.712e-005	7.0207747e-007
11.4406266267	1.683e-005	6.808766e-007
11.5339009052	1.65600000001e-005	6.6045202e-007
11.6279364221	1.629e-005	6.4050189e-007
11.7227374965	1.602e-005	6.2128875e-007
11.8183118059	1.576e-005	6.0251142e-007
11.9146649363	1.54999999999e-005	5.8443566e-007
12.0118048585	1.524e-005	5.6676154e-007
12.1097350236	1.499e-005	5.4976296e-007
12.2084648048	1.475e-005	5.3313441e-007
12.3079989882	1.451e-005	5.1713945e-007
12.408345458	1.427e-005	5.014843e-007
12.5095095177	1.403e-005	4.8644284e-007
12.6114982889	1.38e-005	4.7171399e-007
12.7143186435	1.358e-005	4.5756519e-007
12.8179773093	1.335e-005	4.4370398e-007
12.9224809884	1.313e-005	4.3039706e-007
13.027836761	1.292e-005	4.1736158e-007
13.1340514171	1.271e-005	4.0483547e-007
13.2411321341	1.25e-005	3.9257129e-007
13.3490857857	1.229e-005	3.8078747e-007
13.4579194966	1.209e-005	3.692551e-007
13.5676406583	1.189e-005	3.5816384e-007
13.6782563429	1.16999999999e-005	3.4731539e-007
13.789773885	1.15000000001e-005	3.3688246e-007
13.9022005867	1.131e-005	3.2668188e-007
14.015543869	1.113e-005	3.1686187e-007
14.1298111149	1.095e-005	3.0726587e-007
14.2450101532	1.076e-005	2.9802639e-007
14.3611482914	1.059e-005	2.8900211e-007
14.4782334509	1.041e-005	2.8030847e-007
14.5962730104	1.02400000001e-005	2.718219e-007
14.7152749777	1.007e-005	2.6364403e-007
14.8352473271	9.90999999995e-006	2.5566371e-007
14.9561976303	9.73999999998e-006	2.4796659e-007
15.0781341175	9.57999999995e-006	2.4045983e-007
15.2010646091	9.42000000004e-006	2.3321764e-007
15.3249974231	9.26999999995e-006	2.2615838e-007
15.4499406408	9.11999999997e-006	2.1934518e-007
15.5759024733	8.97e-006	2.1270691e-007
15.702891266	8.82000000002e-006	2.0629614e-007
15.8309155051	8.67000000004e-006	2.0005334e-007
15.9599834118	8.53000000001e-006	1.940219e-007
16.0901035416	8.38999999997e-006	1.8815183e-007
16.2212845941	8.25000000004e-006	1.8247771e-007
16.3535352035	8.11000000001e-006	1.7695768e-007
16.4868641462	7.98000000002e-006	1.7161847e-007
16.621279901	7.83999999998e-006	1.6642704e-007
16.756791525	7.70999999999e-006	1.6140399e-007
16.893408005	7.58999999995e-006	1.5652228e-007
17.0311384791	7.45999999996e-006	1.5179627e-007
17.1699915302	7.34000000002e-006	1.4720549e-007
17.3099768253	7.21000000004e-006	1.4275916e-007
17.4511034804	7.08999999999e-006	1.3844272e-007
17.5933805069	6.97000000005e-006	1.3426036e-007
17.7368178126	6.86000000005e-006	1.3020142e-007
17.881424206	6.74000000001e-006	1.2626572e-007
18.0272099199	6.63000000001e-006	1.2244869e-007
18.1741837933	6.52000000001e-006	1.1874624e-007
18.3223563975	6.41000000001e-006	1.151573e-007
18.4717365967	6.30000000001e-006	1.1167431e-007
18.622335035	6.19000000002e-006	1.0829927e-007
18.7741611514	6.08999999996e-006	1.0502201e-007
18.9272250943	5.99000000001e-006	1.0184852e-007
19.0815368939	5.88000000001e-006	9.8765671e-008
19.2371067435	5.77999999996e-006	9.5781519e-008
19.3939450064	5.68000000001e-006	9.288114e-008
19.5520619146	5.59e-006	9.0075324e-008
19.7114681777	5.49000000005e-006	8.7347005e-008
19.8721737411	5.38999999999e-006	8.4708627e-008
20.0341896584	5.29999999999e-006	8.2141616e-008
20.1975265312	5.20000000004e-006	7.9660742e-008
20.3621947982	5.11000000003e-006	7.7245815e-008
20.5282060747	5.02000000002e-006	7.4913018e-008
20.6955704785	4.93000000001e-006	7.2641018e-008
20.8642993075	4.84000000001e-006	7.0447567e-008
21.0344040599	4.73999999995e-006	6.8310312e-008
21.2058953552	4.65000000005e-006	6.6247835e-008
21.3787850649	4.56000000004e-006	6.4237106e-008
21.5530841615	4.45000000004e-006	6.2298007e-008
21.7288045396	4.34999999999e-006	6.0406616e-008
21.9059571499	3.96999999996e-006	5.8583138e-008
22.0845542733	3.52999999997e-006	5.6803617e-008
22.2646076245	3.67000000001e-006	3.6261433e-007
22.4461287027	4.01999999999e-006	3.5231704e-007
22.6291300056	4.05000000003e-006	3.4236992e-007
22.8136230046	4.01999999999e-006	3.3264498e-007
22.9996201853	3.98000000001e-006	3.2323185e-007
23.1871342563	3.94000000004e-006	3.1402149e-007
23.3761763955	3.89000000001e-006	3.0511172e-007
23.5667601474	3.83999999998e-006	2.9639115e-007
23.7588979689	3.78999999995e-006	2.8795913e-007
23.952601592	3.74000000003e-006	2.7970335e-007
24.1478847783	3.69e-006	2.7172638e-007
24.344760133	3.63999999997e-006	2.6391349e-007
24.5432409423	3.59000000005e-006	2.5636909e-007
24.7433397398	3.52999999997e-006	2.4897712e-007
24.9450697412	3.47999999994e-006	2.4184345e-007
25.1484443827	3.43000000003e-006	2.3485266e-007
25.3534773302	3.38e-006	2.2810735e-007
25.5601814348	3.32999999997e-006	2.2149824e-007
25.7685713343	3.28000000005e-006	2.1512011e-007
25.9786597819	3.23000000002e-006	2.0887343e-007
26.1904613529	3.19000000004e-006	2.0284341e-007
26.4039897753	3.14000000001e-006	1.9694025e-007
26.6192589931	3.08999999998e-006	1.9124189e-007
26.8362831743	3.03999999995e-006	1.8566555e-007
27.055076721	2.99999999998e-006	1.8028082e-007
27.2756542786	2.94999999995e-006	1.7501386e-007
27.4980301359	2.90999999997e-006	1.699262e-007
27.7222188061	2.86000000005e-006	1.6495197e-007
27.9482350356	2.81999999996e-006	1.6014602e-007
28.1760944542	2.77999999998e-006	1.5544929e-007
28.4058116852	2.72999999995e-006	1.5091077e-007
28.6374015737	2.68999999997e-006	1.4647733e-007
28.870879196	2.64999999999e-006	1.4219152e-007
29.1062605529	2.61000000001e-006	1.3800679e-007
29.3435612456	2.57000000004e-006	1.3396043e-007
29.5827964323	2.52999999995e-006	1.3001145e-007
29.8239822151	2.48999999997e-006	1.2619198e-007
30.0671342505	2.44999999999e-006	1.227449e-007
30.312268442	2.41000000001e-006	1.1924479e-007
30.5594017042	2.37000000003e-006	1.1571374e-007
30.8085497378	2.33999999999e-006	1.1227479e-007
31.0597284741	2.30000000001e-006	1.0895578e-007
31.312955666	2.26000000003e-006	1.0572275e-007
31.5682470082	2.22999999999e-006	1.0259486e-007
31.82562004	2.19000000001e-006	9.9574833e-008
32.0850909656	2.15999999997e-006	9.6646617e-008
32.3466779077	2.11999999999e-006	9.3795608e-008
32.6103976246	2.08999999995e-006	9.1032995e-008
32.8762662553	2.06000000003e-006	8.835861e-008
33.1443036897	2.02000000005e-006	8.5755577e-008
33.4145257617	1.99000000001e-006	8.3220016e-008
33.6869512217	1.95999999997e-006	8.0734276e-008
33.9615982474	1.93000000004e-006	7.8324185e-008
34.2384834368	1.9e-006	7.5989643e-008
34.5176264713	1.86999999996e-006	7.3712707e-008
34.7990454766	1.84000000003e-006	7.151181e-008
35.0827588642	1.80999999999e-006	6.9373503e-008
35.3687853438	1.77999999995e-006	6.7294864e-008
35.6571429097	1.75000000002e-006	6.5279335e-008
35.9478529392	1.71999999998e-006	6.3325633e-008
36.2409319842	1.69999999999e-006	6.1433731e-008
36.5364010472	1.66999999995e-006	5.9590405e-008
36.83427828	1.64000000002e-006	5.7810432e-008
37.1345842938	1.62000000004e-006	5.6079025e-008
37.4373389595	1.59e-006	5.4398055e-008
37.7425624807	1.57000000001e-006	5.2772712e-008
38.0502742394	1.53999999997e-006	5.1190311e-008
38.3604939017	1.51999999998e-006	4.9664928e-008
38.6732438423	1.49000000005e-006	4.8183303e-008
38.9885432238	1.46999999995e-006	4.6741776e-008
39.3064126995	1.44000000002e-006	4.5350908e-008
39.6268745257	1.42000000003e-006	4.3996882e-008
39.9499475298	1.40000000004e-006	4.2682354e-008
40.2756559713	1.38000000005e-006	4.1407579e-008
40.6040193394	1.35000000001e-006	4.0160536e-008
40.9350600502	1.33000000002e-006	3.8949903e-008
41.2687995559	1.31000000003e-006	3.7780013e-008
41.6052596458	1.29000000004e-006	3.6641514e-008
41.9444638788	1.27000000005e-006	3.5543472e-008
42.286433388	1.24999999995e-006	3.446727e-008
42.6311910604	1.22999999996e-006	3.3435379e-008
42.9787586897	1.20999999997e-006	3.2424927e-008
43.329159899	1.18999999998e-006	3.1447808e-008
43.682418739	1.16999999999e-006	3.0490915e-008
44.0385565768	1.15000000001e-006	2.9567147e-008
44.397599808	1.13000000002e-006	2.8668685e-008
44.7595689464	1.11000000003e-006	2.780147e-008
45.1244896152	1.09999999998e-006	2.6956739e-008
45.4923846122	1.07999999999e-006	2.6137832e-008
45.8632787472	1.06e-006	2.5343323e-008
46.2371989939	1.04000000001e-006	2.4573071e-008
46.6141658863	1.02999999996e-006	2.38262e-008
46.9942072191	1.00999999997e-006	2.3101463e-008
47.377345963	9.89999999979e-007	2.2400927e-008
47.7636090457	9.80000000039e-007	2.1720923e-008
48.1530201844	9.6000000005e-007	2.1061007e-008
48.545607204	9.5e-007	2.042069e-008
48.9413946339	9.3000000001e-007	1.9800666e-008
49.3404093057	9.1999999996e-007	1.919993e-008
49.7426765363	8.9999999997e-007	1.8617015e-008
50.1482240418	8.90000000031e-007	1.8052028e-008
50.557077995	8.70000000042e-007	1.7503889e-008
50.9692649741	8.59999999991e-007	1.6966684e-008
51.3848119792	8.50000000052e-007	1.6452737e-008
51.8037486142	8.29999999952e-007	1.5950029e-008
52.2260984825	8.20000000012e-007	1.5464023e-008
52.6518943237	8.00000000023e-007	1.4993373e-008
53.0811582995	7.89999999973e-007	1.4533893e-008
53.5139241953	7.80000000034e-007	1.4091114e-008
53.9502195867	7.69999999983e-007	1.365715e-008
54.3900700701	7.49999999994e-007	1.3241128e-008
54.8335063595	7.40000000055e-007	1.283459e-008
55.2805597649	7.30000000004e-007	1.2441492e-008
55.7312547017	7.19999999954e-007	1.2059398e-008
56.1856284703	7.10000000015e-007	1.1688216e-008
56.6437038385	6.99999999965e-007	1.1329188e-008
57.1055141136	6.79999999975e-007	1.0981514e-008
57.5710906383	6.70000000036e-007	1.0643334e-008
58.0404598838	6.59999999986e-007	1.0316509e-008
58.513659598	6.50000000046e-007	9.9996732e-009
58.9907144581	6.39999999996e-007	9.6944538e-009
59.471660636	6.29999999946e-007	9.3953408e-009
59.95652934	6.20000000007e-007	9.1064024e-009
60.4453463738	6.09999999956e-007	8.8271678e-009
60.9381526411	6.00000000017e-007	8.5550006e-009
61.4349749342	5.89999999967e-007	8.2915105e-009
61.9358494868	5.80000000028e-007	8.0369733e-009
62.4408070165	5.69999999978e-007	7.7891812e-009
62.9498786344	5.60000000038e-007	7.5492351e-009
63.4631056074	5.49999999988e-007	7.3179288e-009
63.9805137587	5.40000000049e-007	7.0916581e-009
64.5021390071	5.40000000049e-007	6.8744097e-009
65.0280179599	5.29999999999e-007	6.661832e-009
65.5581879417	5.19999999948e-007	6.4564833e-009
66.0926764538	5.10000000009e-007	6.2566011e-009
66.6315218262	4.99999999959e-007	6.063126e-009
67.1747631816	4.9000000002e-007	5.875364e-009
67.7224330696	4.9000000002e-007	5.6937006e-009
68.2745681749	4.79999999969e-007	5.5179443e-009
68.8312019978	4.7000000003e-007	5.3471211e-009
69.3923762193	4.5999999998e-007	5.1820152e-009
69.9581255646	4.5999999998e-007	5.0212047e-009
70.5284892317	4.50000000041e-007	4.8661826e-009
71.1034990056	4.3999999999e-007	4.7149846e-009
71.6831993441	4.30000000051e-007	4.5691741e-009
72.2676273439	4.30000000051e-007	4.4274061e-009
72.8568163757	4.20000000001e-007	4.2899757e-009
73.4508131635	4.09999999951e-007	4.1570285e-009
74.0496479058	4.09999999951e-007	4.0283104e-009
74.6533688371	4.00000000012e-007	3.9035846e-009
75.2620117212	3.89999999961e-007	3.7823681e-009
75.8756173538	3.89999999961e-007	3.6648448e-009
76.4942225206	3.80000000022e-007	3.5514359e-009
77.1178740298	3.69999999972e-007	3.4406585e-009
77.7466051391	3.69999999972e-007	3.334591e-009
78.3804690892	3.60000000033e-007	3.230637e-009
79.0194954059	3.60000000033e-007	3.1300588e-009
79.6637339686	3.49999999982e-007	3.032844e-009
80.3132254661	3.49999999982e-007	2.9388187e-009
80.9680111702	3.40000000043e-007	2.8474523e-009
81.6281329602	3.29999999993e-007	2.7583507e-009
82.2936388106	3.29999999993e-007	2.6728549e-009
82.9645721603	3.20000000054e-007	2.5890698e-009
83.6409771436	3.20000000054e-007	2.508599e-009
84.3228928833	3.10000000003e-007	2.4304477e-009
85.0103705384	3.10000000003e-007	2.3545615e-009
85.7034505766	2.99999999953e-007	2.2816013e-009
86.4021799163	2.99999999953e-007	2.2101029e-009
87.1066124373	2.90000000014e-007	2.1414975e-009
87.8167846364	2.90000000014e-007	2.0744964e-009
88.5327457619	2.79999999964e-007	2.0098091e-009
89.2545395775	2.79999999964e-007	1.9470937e-009
89.9822234667	2.70000000024e-007	1.8862674e-009
90.7158429754	2.70000000024e-007	1.8276905e-009
91.4554375303	2.70000000024e-007	1.7703117e-009
92.20106734	2.59999999974e-007	1.7152903e-009
92.9527732735	2.59999999974e-007	1.6614503e-009
93.7106106292	2.50000000035e-007	1.6096265e-009
94.474621509	2.50000000035e-007	1.5593746e-009
95.2448629578	2.50000000035e-007	1.5106682e-009
96.0213858632	2.39999999985e-007	1.463489e-009
96.8042419591	2.39999999985e-007	1.4176426e-009
97.5934761776	2.30000000045e-007	1.3733233e-009
98.3891494814	2.30000000045e-007	1.3302749e-009
99.1913004797	2.30000000045e-007	1.2885905e-009
100.0	2.19999999995e-007	1.2482543e-009