0.0006000009679	-2.73	1.54
0.000700001129216	-2.67	1.6
0.0008	-2.34	1.63
0.001	-1.63	1.47
0.00119999612842	-1.26	1.09
0.00140000067753	-1.24	0.8
0.0016	-1.33	0.71
0.00179999941926	-1.43	0.7
0.002	-1.43	0.75
0.00220000177448	-1.38	0.82
0.00240000154864	-1.3	0.87
0.00260000083885	-1.24	0.88
0.00279999819326	-1.17	0.89
0.00299999758026	-1.11	0.9
0.00319999587031	-1.06	0.91
0.00340000054848	-1.0	0.92
0.00359999883852	-0.94	0.92
0.00380000183901	-0.9	0.91
0.004	-0.84	0.808
0.005	-0.73	0.712
0.006000009679	-0.7	0.646
0.00700001129216	-0.7	0.628
0.008	-0.71	0.656
0.00899997096315	-0.7	0.713
0.01	-0.66	0.795
0.0101982396973	-0.77	0.663
0.0103256433747	-0.71	0.691
0.0109233480176	-0.87	0.708
0.0114193607811	-0.75	0.859
0.0116227617887	-0.71	0.937
0.0118278954398	-0.7	0.978
0.0120861766426	-0.45	1.0
0.0125386840349	-0.41	1.1
0.0133018614881	-0.42	1.16
0.0134793102698	-0.43	1.21
0.0141207289294	-0.47	1.24
0.0148575126429	-0.13	1.18
0.0166702522455	0.003	1.16
0.0168473977443	0.085	1.1
0.0172558735107	0.088	1.09
0.0184661672054	0.237	0.967
0.0201171526392	0.286	0.796
0.0212174627351	0.349	0.751
0.0229980151737	0.383	0.558
0.0253278855975	0.349	0.439
0.0269094697545	0.367	0.375
0.0276858489091	0.346	0.346
0.029999999758	0.31189689	0.22510122
0.0302445871813	0.30851558	0.2192126
0.0304911685053	0.30498957	0.21351148
0.0307397600871	0.30150013	0.20792318
0.0309903777852	0.29793092	0.20251566
0.0312430400572	0.2944058	0.19721368
0.0314977609609	0.29082052	0.19208597
0.0317545595378	0.28728106	0.18705851
0.0320134511236	0.28369899	0.18219348
0.0322744537494	0.28016177	0.17742524
0.0325375840852	0.27659396	0.17281042
0.0328028599183	0.27307011	0.16828882
0.0330702984708	0.26952435	0.16391084
0.0333399172364	0.26602171	0.15962273
0.0336117349037	0.26250515	0.15546964
0.033885767737	0.25903015	0.15140315
0.0341620350124	0.25554296	0.14746293
0.0344405554291	0.25209458	0.14360624
0.0347213451023	0.24862884	0.13986874
0.0350044252449	0.24520253	0.1362269
0.0352898135375	0.24177129	0.13276936
0.0355775279042	0.2383952	0.12938913
0.0358675875593	0.23508583	0.12611967
0.0361600131037	0.23182273	0.12292128
0.0364548212648	0.22859832	0.11981474
0.036752034368	0.22541795	0.11677672
0.037051669716	0.2222732	0.11382521
0.0373537492854	0.21917173	0.11093952
0.0376582898082	0.21610706	0.10813485
0.037965315111	0.21308581	0.10539377
0.0382748425122	0.21010427	0.10272934
0.0385868930738	0.20718173	0.10012584
0.0389014882408	0.20433385	0.097593842
0.0392186486161	0.20153886	0.09508071
0.0395383938757	0.19880598	0.092559248
0.0398607465238	0.19606375	0.090062908
0.0401857282062	0.19327695	0.087574254
0.0405133582979	0.19049891	0.085149504
0.0408436604301	0.18771119	0.082796109
0.0411766546237	0.18494227	0.080504046
0.0415123639242	0.18218223	0.07827858
0.0418508104012	0.17944361	0.076112069
0.0421920150505	0.17672026	0.074007757
0.0425360035294	0.17401878	0.071959869
0.0428827946605	0.17133567	0.069969798
0.0432324134165	0.16867331	0.068033864
0.0435848837583	0.16603036	0.066151862
0.043940226973	0.163395	0.064322024
0.044298467769	0.16076883	0.062542688
0.0446596281104	0.15814398	0.060823293
0.0450237335141	0.15552607	0.05915938
0.045390808343	0.1529476	0.057643405
0.0457608756915	0.15040865	0.056247731
0.046133958981	0.14795439	0.054886834
0.0465100854633	0.14557088	0.053557635
0.0468892776536	0.14323911	0.052262036
0.0472715601285	0.14095346	0.050996381
0.0476569615162	0.13871057	0.049762968
0.0480455036415	0.13650718	0.048557695
0.048437214189	0.13434148	0.047383413
0.0488321175588	0.13221169	0.046235596
0.0492302423944	0.13011588	0.045117537
0.0496316119822	0.12805354	0.044024387
0.0500362538852	0.12602217	0.042959945
0.0504441941267	0.12402242	0.041918976
0.0508554612153	0.12205045	0.040905522
0.0512700799715	0.12010845	0.039914113
0.0516880798233	0.11818975	0.038949249
0.0521094886007	0.11629924	0.03800516
0.0525343323811	0.11442199	0.037086681
0.0529626398514	0.11257002	0.036187765
0.0533944379086	0.11071782	0.035358404
0.0538297585042	0.10888813	0.034557751
0.0542686271657	0.1071298	0.033812992
0.0547110745135	0.10540886	0.033090701
0.055157126852	0.10374061	0.032385349
0.0556068182624	0.10210356	0.031693463
0.0560601760185	0.10050674	0.031017888
0.0565172277256	0.09893739	0.030355104
0.0569780091907	0.09740452	0.029708107
0.0574425437882	0.09589724	0.029073266
0.0579108684566	0.09442478	0.028453728
0.0583830100637	0.09297646	0.027845741
0.0588590013112	0.09156352	0.027252322
0.0593388726811	0.09017346	0.026669863
0.0598226551165	0.08882454	0.026101589
0.0603103859077	0.08749723	0.025543728
0.0608020883198	0.08622715	0.024972817
0.0612978037459	0.08497659	0.024411418
0.0617975593104	0.08372286	0.023801791
0.0623013885702	0.08248717	0.023203996
0.0628093256701	0.08123752	0.022624496
0.0633214021334	0.08000648	0.022056403
0.0638376564835	0.07878092	0.021505408
0.0643581180955	0.07757379	0.020965416
0.0648828233898	0.07637694	0.020441571
0.0654118060449	0.07519813	0.01992835
0.0659451037596	0.07403134	0.019430398
0.0664827478664	0.07288221	0.018942679
0.0670247736495	0.07174619	0.01846929
0.0675712206552	0.07062739	0.018005759
0.0681221217882	0.06952218	0.017555721
0.0686775179509	0.06843377	0.017115187
0.0692374354829	0.06735926	0.01668737
0.0698019242315	0.06630111	0.016268689
0.0703710115478	0.06525697	0.015861896
0.0709447409822	0.06422872	0.015463931
0.0715231447293	0.06321435	0.015077245
0.072106267819	0.06221547	0.014699062
0.0726941435832	0.0612305	0.014331474
0.073286809982	0.06026054	0.013972061
0.0738843099713	0.05930426	0.013622577
0.074486682937	0.05836257	0.013280973
0.0750939643665	0.05743436	0.012948739
0.0757061993717	0.05652034	0.012624088
0.0763234246674	0.05561957	0.012308241
0.0769456821699	0.05473258	0.011999687
0.0775730145519	0.05385858	0.011699395
0.0782054554077	0.05299795	0.011406139
0.0788430585612	0.05215005	0.01112068
0.0794858589477	0.05131514	0.010841975
0.0801339020828	0.05049272	0.010570583
0.0807872238635	0.04968289	0.010305698
0.0814458764954	0.04888524	0.010047697
0.0821098917518	0.04809979	0.0097959544
0.0827793289907	0.04732621	0.009550678
0.0834542212401	0.04656453	0.0093114234
0.0841346129377	0.0458145	0.0090782474
0.0848205550622	0.04507595	0.0088508585
0.0855120879454	0.04434868	0.0086291769
0.0862092643321	0.04363257	0.0084130696
0.0869121199155	0.04292747	0.0082023295
0.087620702854	0.04223323	0.0079969406
0.0883350684949	0.04154975	0.0077965873
0.089055254339	0.04087677	0.0076013841
0.0897813110331	0.04021425	0.0074109181
0.0905132902245	0.03956189	0.0072253975
0.0912512378866	0.0389197	0.0070443225
0.0919952006375	0.0382874	0.0068680049
0.0927452257678	0.037665	0.0066958641
0.0935013683191	0.03705215	0.0065282935
0.094263677357	0.03644892	0.0063646427
0.0950322027174	0.03585499	0.006205386
0.0958069876353	0.03527045	0.0060498091
0.0965880907461	0.03469487	0.0058984492
0.0973755643883	0.03412839	0.0057505418
0.0981694618068	0.03357061	0.0056066898
0.0989698292894	0.0330217	0.0054660786
0.0997767216192	0.03248121	0.0053293597
0.100590186429	0.03194934	0.0051956817
0.101410288457	0.03142564	0.0050657432
0.10223707721	0.03091031	0.0049386578
0.10307061135	0.03040287	0.0048151777
0.103910933294	0.02990356	0.0046943744
0.1047581121	0.02941192	0.0045770059
0.105612191657	0.02892817	0.0044621404
0.10647323428	0.02845185	0.004350606
0.107341303614	0.02798319	0.0042414259
0.10821644581	0.02752171	0.0041354154
0.109098726428	0.02706767	0.0040316061
0.109988192992	0.0266206	0.0039308512
0.11088492304	0.02618076	0.0038321608
0.111788956012	0.02574765	0.0037364076
0.112700361754	0.02532156	0.0036425897
0.113619190958	0.02490201	0.0035515875
0.114545515859	0.02448928	0.0034623963
0.115479399716	0.02408284	0.0033759178
0.116420885069	0.02368302	0.0032911367
0.117370058669	0.02328935	0.0032089348
0.118326964757	0.0229021	0.00312832
0.119291670347	0.02252074	0.0030502028
0.120264243766	0.02214562	0.0029735908
0.121244754707	0.02177629	0.002899328
0.122233250185	0.021413	0.0028265133
0.123229801614	0.02105527	0.0027559109
0.124234483158	0.02070338	0.0026867063
0.12524735418	0.020357	0.0026195979
0.126268483685	0.02001628	0.0025538339
0.127297939318	0.01968089	0.0024900153
0.128335787202	0.01935101	0.0024274976
0.129382095822	0.01902648	0.0023668419
0.130436936172	0.01870737	0.0023074385
0.131500374943	0.01839395	0.002249776
0.132572485461	0.01808555	0.0021928827
0.133653335223	0.01778157	0.0021354183
0.134742998543	0.01748228	0.0020792069
0.135841545165	0.01718667	0.0020247139
0.136949047399	0.0168957	0.0019714255
0.138065580282	0.01660867	0.0019197445
0.13919121551	0.01632618	0.0018692246
0.140326029045	0.01604773	0.0018202149
0.141470093356	0.01577369	0.0017723253
0.142623485273	0.01550365	0.0017258558
0.143786279637	0.01523789	0.0016804586
0.14495855586	0.01497603	0.0016363822
0.146140389639	0.01471831	0.0015933412
0.147331857844	0.01446443	0.0015515466
0.148533040347	0.01421455	0.0015107463
0.149744014793	0.0139684	0.0014711121
0.150964863713	0.01372612	0.0014324313
0.152195665537	0.01348745	0.0013948375
0.153436501786	0.01325254	0.0013581672
0.154687455356	0.01302117	0.0013225275
0.155948606645	0.0127934	0.001287769
0.157220041267	0.01256905	0.0012539657
0.158501840299	0.01234819	0.0012210101
0.159794090145	0.01213066	0.0011889496
0.161096876642	0.01191649	0.0011577075
0.162410284954	0.01170557	0.0011273073
0.163734399455	0.01149788	0.0010976936
0.165069310204	0.01129335	0.0010688693
0.166415104424	0.01109192	0.0010407944
0.167771870744	0.01089355	0.0010134527
0.169139699255	0.01069817	0.00098683585
0.170518676884	0.01050578	0.00096090977
0.171908901372	0.01031626	0.00093567936
0.173310457881	0.01012964	0.00091109506
0.17472344005	0.00994579	0.00088717532
0.176147943131	0.00976478	0.00086385724
0.177584061517	0.00958644	0.00084118149
0.179031886015	0.00941087	0.00081907131
0.180491516629	0.00923793	0.00079757612
0.181963047236	0.00906772	0.0007766095
0.183446573146	0.00890062	0.00075622996
0.184942193929	0.00873649	0.00073634364
0.186450010892	0.00857416	0.00071525805
0.187970118603	0.00841412	0.00069380854
0.189502621649	0.00825521	0.00067304216
0.191047617733	0.00809834	0.00065280088
0.192605211995	0.00794296	0.00063325352
0.194175502359	0.00778981	0.00061420855
0.195758597407	0.00763811	0.00059582098
0.197354598347	0.00748865	0.00057789533
0.198963611099	0.00734057	0.00056059793
0.200585743376	0.00719472	0.00054372697
0.202221098155	0.00705013	0.00052745652
0.203869786634	0.00690775	0.00051157995
0.205531918611	0.00676646	0.00049627661
0.207207598833	0.00662735	0.00048133604
0.208896944101	0.00648914	0.00046693846
0.210600059158	0.0063531	0.00045287465
0.212317061058	0.00621774	0.00043933377
0.214048061645	0.00608455	0.00042610077
0.215793174548	0.00595174	0.0004133624
0.217552515252	0.00582109	0.00040090684
0.219326201181	0.00569042	0.00038906516
0.221114347828	0.00556191	0.00037749482
0.222917068522	0.00543346	0.00036664969
0.224734490465	0.00530722	0.00035605359
0.226566730965	0.00518057	0.00034584729
0.228413904935	0.00505615	0.00033584974
0.230276141733	0.00493076	0.00032622382
0.232153564546	0.00480767	0.00031679133
0.23404628978	0.004683	0.00030771385
0.235954444387	0.00456058	0.00029881902
0.237878157534	0.00443604	0.00029025411
0.239817556057	0.00431363	0.00028186537
0.241772764179	0.00418844	0.00027378569
0.243743917584	0.00406526	0.00026585046
0.245731135056	0.00393911	0.00025789803
0.247734556599	0.00381457	0.00025000297
0.24975431492	0.00368436	0.00024136575
0.251790534727	0.00355537	0.0002329349
0.253843363166	0.00341898	0.00022488585
0.255912918766	0.00328327	0.00021703419
0.257999353399	0.00313804	0.00020953099
0.260102800397	0.00299245	0.00020221697
0.26222338954	0.00283348	0.00019522393
0.264361274864	0.00267211	0.00018841188
0.266516585025	0.00249055	0.0001818944
0.268689467663	0.00230222	0.00017554981
0.270880067228	0.00208019	0.00016947473
0.273088524603	0.00183946	0.000163565
0.275314988949	0.00153134	0.00015790243
0.277559605858	0.00115018	0.00015239815
0.279822523276	0.00056107	0.00014712111
0.282103891596	-0.0008551	0.00014198587
0.284403857239	-0.0035806	0.0039355355
0.286722575488	-9.39999999994e-006	0.0038341523
0.289060197637	0.00078305	0.0037353334
0.291416877414	0.00140591	0.0036388429
0.293792771072	0.00172439	0.0035450406
0.296188030425	0.00199197	0.0034534794
0.298602823947	0.00217847	0.0033644426
0.301037301503	0.00233841	0.0032775578
0.303491629832	0.00246016	0.003193034
0.305965971194	0.00256504	0.003110589
0.308460482886	0.00264782	0.0030303745
0.310975332317	0.00271878	0.0029521467
0.313510681894	0.00277554	0.0028759965
0.316066704606	0.00282349	0.0028017586
0.318643568409	0.00286168	0.0027294732
0.321241435689	0.00289304	0.0026590283
0.32386048807	0.00291741	0.0025904162
0.326500893506	0.00293632	0.0025235771
0.329162822496	0.00295008	0.0024584581
0.331846448187	0.00295941	0.0023950323
0.334551964544	0.0029649	0.0023332105
0.337279532886	0.00296673	0.0022730202
0.340029344329	0.00296565	0.0022143375
0.342801565285	0.00296152	0.0021572257
0.345596393086	0.00295517	0.0021015286
0.348414009481	0.00294627	0.0020473375
0.351254599096	0.0029357	0.001994469
0.354118339448	0.00292301	0.0019430459
0.357005431073	0.00290906	0.0018928614
0.359916067968	0.00289335	0.0018440647
0.362850426282	0.00287672	0.0017964287
0.365808705887	0.00285869	0.0017501245
0.368791110296	0.00284005	0.0017049062
0.371797835662	0.00282062	0.0016609688
0.374829058691	0.00280093	0.001618048
0.377885004028	0.00278034	0.0015749148
0.380965866159	0.0027595	0.001532224
0.384071842438	0.00273679	0.0014899617
0.387203145296	0.0027136	0.0014483885
0.390359978776	0.0026886	0.0014081527
0.393542537685	0.00266326	0.0013688547
0.396751057496	0.00263682	0.001330836
0.399985727239	0.00261033	0.0012936886
0.403246777303	0.00258293	0.0012577632
0.406534402752	0.0025556	0.001222647
0.409848841546	0.00252752	0.0011887007
0.413190295327	0.0024996	0.0011555061
0.416558996235	0.00247106	0.0011234328
0.419955166619	0.00244275	0.0010920557
0.423379018063	0.00241394	0.0010617471
0.426830794434	0.0023854	0.0010320847
0.430310699736	0.00235645	0.0010034464
0.433818985722	0.00232782	0.00097540715
0.437355863146	0.00229887	0.00094834829
0.440921592277	0.00227026	0.00092184454
0.444516375291	0.0022414	0.00089627653
0.448140480872	0.00221292	0.00087122261
0.45179411788	0.00218424	0.00084706245
0.455477547341	0.00215595	0.00082338283
0.459191018612	0.00212753	0.00080055188
0.462934750919	0.00209951	0.00077817904
0.466709018559	0.00207143	0.00075659514
0.470514048173	0.00204373	0.00073545297
0.474350105348	0.00201605	0.00071505214
0.478217442362	0.00198875	0.00069507509
0.482116296888	0.00196157	0.00067577514
0.486046947791	0.00193476	0.0006568589
0.490009640914	0.00190798	0.00063837211
0.49400464519	0.00188153	0.00062028831
0.498032214385	0.00185509	0.00060282635
0.50209262633	0.00182899	0.000585752
0.506186143401	0.00180299	0.00056925838
0.510313032056	0.00177733	0.00055313787
0.514473562997	0.0017518	0.00053756027
0.518668011349	0.00172661	0.00052234115
0.522896656844	0.00170159	0.00050762719
0.52715978401	0.00167689	0.00049325778
0.53145765959	0.00165239	0.00047935971
0.535790600345	0.00162821	0.00046579296
0.540158835801	0.00160424	0.0004526668
0.544562692176	0.00158058	0.00043985867
0.549002478703	0.00155715	0.00042746008
0.553478436528	0.00153403	0.00041536733
0.557990883569	0.00151114	0.00040365736
0.562540144168	0.00148856	0.00039224023
0.567126471536	0.00146622	0.00038117853
0.571750199857	0.00144418	0.000370399
0.576411616847	0.0014224	0.00035995263
0.581111041377	0.0014009	0.00034977651
0.585848798181	0.00137965	0.00033990986
0.590625161823	0.0013587	0.00033030209
0.595440466735	0.001338	0.00032098197
0.60029505388	0.00131758	0.00031191055
0.605189182392	0.00129743	0.00030310725
0.610123232787	0.00127754	0.00029454291
0.615097503224	0.00125792	0.00028622905
0.620112357477	0.00123856	0.00027814343
0.625168072538	0.00121947	0.00027028986
0.630264991403	0.00120064	0.00026265577
0.635403495826	0.00118206	0.00025523865
0.640583876858	0.00116374	0.00024803134
0.645806495267	0.00114568	0.00024102506
0.651071684578	0.00112786	0.00023422061
0.656379818062	0.00111029	0.00022760396
0.66173120583	0.00109296	0.00022117957
0.66712623295	0.00107586	0.00021492895
0.672565255999	0.00105899	0.00020892305
0.67804860041	0.00104235	0.00020311931
0.683576670749	0.00102601	0.00019754502
0.689149803814	0.00100994	0.00019215223
0.694768379532	0.00099427	0.00018693674
0.70043274518	0.00097892	0.00018186336
0.706143333085	0.00096386	0.00017675176
0.711900463017	0.00094906	0.00017167028
0.717704498748	0.00093434	0.00016662386
0.723555893788	0.00091978	0.00016164759
0.729454941007	0.00090535	0.00015683936
0.735402151624	0.00089112	0.00015215485
0.741397785387	0.00087704	0.00014763037
0.74744232507	0.00086317	0.00014321982
0.753536174234	0.00084948	0.00013896199
0.759679650236	0.00083599	0.00013480935
0.765873260763	0.00082267	0.00013080188
0.772117334682	0.00080956	0.00012689125
0.778412348968	0.00079663	0.00012311878
0.784758692399	0.0007839	0.00011943582
0.791156758861	0.00077134	0.00011588482
0.797606947557	0.00075898	0.00011241638
0.804109767534	0.00074679	0.0001090742
0.81066558142	0.0007348	0.00010580827
0.817274862298	0.00072298	0.0001026637
0.823938038371	0.00071134	9.9589409e-005
0.830655544539	0.00069988	9.6630905e-005
0.837427766114	0.0006886	9.3737039e-005
0.84425526444	0.00067749	9.0947655e-005
0.85113838214	0.00066655	8.8217345e-005
0.858077640316	0.00065578	8.5586233e-005
0.865073451351	0.00064518	8.3009802e-005
0.872126293567	0.00063474	8.0529181e-005
0.879236654084	0.00062446	7.8099064e-005
0.886405029187	0.00061433	7.5766023e-005
0.893631795878	0.00060437	7.3480459e-005
0.900917463593	0.00059455	7.1285133e-005
0.908262551906	0.0005849	6.9135318e-005
0.915667523323	0.00057539	6.7069527e-005
0.923132915653	0.00056604	6.5046928e-005
0.930659138321	0.00055683	6.309585e-005
0.93824667442	0.00054777	6.1186994e-005
0.945896086624	0.00053885	5.9350111e-005
0.953607950066	0.00053007	5.7553852e-005
0.961382629201	0.00052143	5.5824752e-005
0.96922063888	0.00051293	5.4134718e-005
0.977122579704	0.00050456	5.2507287e-005
0.985088988146	0.00049633	5.0917557e-005
0.99312033073	0.00048822	4.9386765e-005
1.00121715962	0.00048025	4.789222e-005
1.0093799551	0.0004724	4.6452328e-005
1.01760936982	0.00046468	4.5047604e-005
1.02590581824	0.00045709	4.3695138e-005
1.03426997416	0.00044963	4.2373758e-005
1.04270226578	0.00044229	4.109206e-005
1.0512033005	0.00043506	3.9840076e-005
1.05977360781	0.00042795	3.8625071e-005
1.06841390862	0.00042094	3.7441623e-005
1.07712456913	0.00041405	3.6300091e-005
1.08590623684	0.00040727	3.5188415e-005
1.09475957365	0.0004006	3.4114875e-005
1.10368496177	0.00039403	3.3069878e-005
1.11268327908	0.00038757	3.2059986e-005
1.12175482337	0.00038122	3.1077961e-005
1.13090039849	0.00037496	3.0129413e-005
1.1401205173	0.00036881	2.9207314e-005
1.14941580325	0.00036276	2.8315743e-005
1.15878689088	0.00035681	2.7449329e-005
1.16823431626	0.00035095	2.6611004e-005
1.17775884404	0.00034519	2.5796912e-005
1.18736103121	0.00033952	2.5009071e-005
1.19704144034	0.00033395	2.4244263e-005
1.20680087484	0.00032847	2.3503557e-005
1.21663980141	0.00032308	2.2784849e-005
1.2265589284	0.00031777	2.2088381e-005
1.23655885558	0.00031256	2.1411696e-005
1.24664046583	0.00030743	2.0754344e-005
1.2568041963	0.00030238	2.0115907e-005
1.26705080374	0.00029742	1.9495429e-005
1.27738094334	0.00029254	1.8892635e-005
1.2877953069	0.00028773	1.8306246e-005
1.29829458461	0.00028301	1.7738934e-005
1.30887945065	0.00027836	1.7188406e-005
1.31955061755	0.00027378	1.6655941e-005
1.33030878186	0.00026928	1.6138855e-005
1.3411546658	0.00026486	1.5638944e-005
1.35208897474	0.0002605	1.5153185e-005
1.36311242523	0.00025622	1.4683929e-005
1.3742257455	0.00025201	1.4227792e-005
1.38542967591	0.00024786	1.3787358e-005
1.39672495374	0.00024379	1.3358962e-005
1.40811231244	0.00023978	1.2945499e-005
1.41959251329	0.00023584	1.2543099e-005
1.4311663142	0.00023196	1.2154963e-005
1.4428344857	0.00022815	1.1777014e-005
1.45459776025	0.0002244	1.1412569e-005
1.46645696734	0.00022071	1.1057469e-005
1.47841284713	0.00021708	1.071504e-005
1.49046620371	0.00021352	1.038116e-005
1.50261781888	0.00021001	1.0058702e-005
1.51486852376	0.00020656	9.7439704e-006
1.52721910831	0.00020316	9.4409949e-006
1.53967037468	0.00019982	9.1453374e-006
1.55222315716	0.00019654	8.8610033e-006
1.56487828477	0.00019331	8.5834119e-006
1.57763658028	0.00019013	8.3166093e-006
1.59049889992	0.00018701	8.0559859e-006
1.60346609411	0.00018394	7.8056465e-006
1.61653898534	0.00018092	7.5609721e-006
1.62971847238	0.00017794	7.3260594e-006
1.64300540542	0.00017502	7.0963391e-006
1.65640066994	0.00017215	6.8759479e-006
1.66990514405	0.00016932	6.6603024e-006
1.6835197202	0.00016654	6.4535153e-006
1.69724530571	0.0001638	6.2510651e-006
1.71108277616	0.00016111	6.0570788e-006
1.72503306824	0.00015847	5.8670754e-006
1.73909708655	0.00015587	5.6841581e-006
1.75327577475	0.00015331	5.5049957e-006
1.76757006776	0.0001508	5.3330294e-006
1.78198089037	0.00014832	5.1646917e-006
1.79650920786	0.00014589	5.0031162e-006
1.81115597578	0.00014349	4.8450471e-006
1.82592216544	0.00014114	4.6934287e-006
1.84080873715	0.00013882	4.545185e-006
1.85581666651	0.00013655	4.4029352e-006
1.87094697322	0.00013431	4.2639218e-006
1.88620060929	0.0001321	4.1304415e-006
1.90157862775	0.00012994	4.0000703e-006
1.91708201253	0.00012781	3.8748101e-006
1.93271179247	0.00012571	3.7525413e-006
1.94846901381	0.00012365	3.6350043e-006
1.96435467867	0.00012162	3.5203312e-006
1.98036986722	0.00011963	3.410026e-006
1.99651564701	0.00011767	3.30259e-006
2.01279303851	0.00011574	3.1996275e-006
2.02920314332	0.00011384	3.099073e-006
2.04574704897	0.00011198	3.0015954e-006
2.06242582699	0.00011014	2.9066437e-006
2.07924060056	0.00010834	2.8151502e-006
2.09619244176	0.00010657	2.7260762e-006
2.11328247467	0.00010482	2.6401886e-006
2.13051187894	0.00010311	2.5566159e-006
2.14788174475	0.00010142	2.475988e-006
2.16539321588	9.976e-005	2.3975814e-006
2.18304745501	9.812e-005	2.3219082e-006
2.20084560543	9.652e-005	2.2483544e-006
2.21878890777	9.494e-005	2.1773124e-006
2.23687846515	9.339e-005	2.1083084e-006
2.25511551801	9.18600000001e-005	2.0416461e-006
2.27350124638	9.036e-005	1.9769252e-006
2.29203689111	8.888e-005	1.9143517e-006
2.31072367195	8.74199999999e-005	1.8536442e-006
2.32956274119	8.599e-005	1.7949315e-006
2.34855544424	8.45900000001e-005	1.7379768e-006
2.36770301831	8.321e-005	1.6828384e-006
2.38700667438	8.185e-005	1.6294148e-006
2.40646768762	8.051e-005	1.5777023e-006
2.426087402	7.919e-005	1.5276136e-006
2.44586704201	7.79e-005	1.4790896e-006
2.46580794709	7.663e-005	1.4321021e-006
2.48591148066	7.537e-005	1.3865481e-006
2.50617887911	7.41399999999e-005	1.3424856e-006
2.5266114979	7.293e-005	1.299763e-006
2.54721071592	7.174e-005	1.2584505e-006
2.56797788333	7.057e-005	1.2183637e-006
2.58891437223	6.942e-005	1.179609e-006
2.61002152268	6.828e-005	1.1419738e-006
2.63130075078	6.717e-005	1.1056476e-006
2.65275349736	6.607e-005	1.0703754e-006
2.67438117132	6.499e-005	1.0363021e-006
2.69618514593	6.393e-005	1.0031724e-006
2.71816687422	6.289e-005	9.7122068e-007
2.7403278341	6.186e-005	9.401537e-007
2.76266946781	6.08600000001e-005	9.1020317e-007
2.78519324058	5.986e-005	8.8106269e-007
2.80790064154	5.889e-005	8.5299903e-007
2.83079318469	5.793e-005	8.2568553e-007
2.8538723443	5.698e-005	7.993433e-007
2.87713968409	5.605e-005	7.7367218e-007
2.90059672794	5.514e-005	7.4899663e-007
2.92424502447	5.424e-005	7.2495737e-007
2.94808607793	5.336e-005	7.018223e-007
2.97212155733	5.249e-005	6.7925952e-007
2.9963530193	5.163e-005	6.5757282e-007
3.02078197125	5.079e-005	6.3641382e-007
3.0454100907	4.996e-005	6.1608319e-007
3.07023901036	4.91500000001e-005	5.9623559e-007
3.09527039039	4.835e-005	5.7717889e-007
3.12050584109	4.75599999999e-005	5.5856493e-007
3.14594699742	4.679e-005	5.4070437e-007
3.17159560115	4.603e-005	5.2324837e-007
3.19745334369	4.528e-005	5.0650868e-007
3.22352186065	4.454e-005	4.9013985e-007
3.24980289649	4.381e-005	4.7444959e-007
3.2762982259	4.31e-005	4.5909762e-007
3.30300956709	4.24e-005	4.4439392e-007
3.3299387547	4.171e-005	4.2999877e-007
3.3570873847	4.103e-005	4.1622144e-007
3.38445744019	4.036e-005	4.0272878e-007
3.41205057111	3.971e-005	3.8981224e-007
3.43986863797	3.906e-005	3.7716664e-007
3.46791363122	3.843e-005	3.6505625e-007
3.49618718763	3.78e-005	3.5320647e-007
3.52469126115	3.719e-005	3.4185193e-007
3.55342774078	3.658e-005	3.3074781e-007
3.58239844379	3.599e-005	3.2010188e-007
3.61160542415	3.54e-005	3.0969686e-007
3.64105045627	3.483e-005	2.9971756e-007
3.67073555376	3.426e-005	2.8996966e-007
3.70066276727	3.37e-005	2.8061495e-007
3.73083384919	3.316e-005	2.7148256e-007
3.76125102643	3.262e-005	2.6271338e-007
3.79191611075	3.209e-005	2.5415676e-007
3.82283128789	3.157e-005	2.4593455e-007
3.85399842856	3.105e-005	2.3791698e-007
3.88541966967	3.055e-005	2.3021294e-007
3.91709718771	3.005e-005	2.2270444e-007
3.949032823	2.956e-005	2.154832e-007
3.98122894545	2.908e-005	2.0845879e-007
4.01368758761	2.861e-005	2.0172694e-007
4.04641081109	2.815e-005	1.9516412e-007
4.0794007078	2.769e-005	1.8882111e-007
4.11265967406	2.724e-005	1.8264999e-007
4.14618987958	2.68e-005	1.7670575e-007
4.17999324687	2.636e-005	1.709276e-007
4.21407243228	2.594e-005	1.6536169e-007
4.24842928394	2.551e-005	1.5995323e-007
4.28306640055	2.51e-005	1.547375e-007
4.31798583897	2.469e-005	1.4967335e-007
4.35318983163	2.429e-005	1.4478928e-007
4.38868095535	2.39e-005	1.4004986e-007
4.42446152665	2.351e-005	1.3547589e-007
4.46053373859	2.313e-005	1.3103943e-007
4.49689997542	2.275e-005	1.2675452e-007
4.53356282713	2.239e-005	1.2260106e-007
4.57052459912	2.202e-005	1.1858771e-007
4.60778762938	2.167e-005	1.1469975e-007
4.64535446381	2.13100000001e-005	1.1094026e-007
4.68322751813	2.097e-005	1.0730137e-007
4.72140942487	2.063e-005	1.0378188e-007
4.75990268422	2.029e-005	1.0037681e-007
4.79870965105	1.997e-005	9.7081067e-008
4.83783308781	1.964e-005	9.3894559e-008
4.87727542916	1.932e-005	9.0808466e-008
4.9170393379	1.901e-005	8.7826462e-008
4.95712752412	1.87e-005	8.4936854e-008
4.99754254572	1.84e-005	8.2146559e-008
5.03828699868	1.81e-005	7.9441031e-008
5.07936372673	1.781e-005	7.6830013e-008
5.12077520557	1.752e-005	7.4296589e-008
5.16252437032	1.724e-005	7.1853993e-008
5.20461399652	1.696e-005	6.9483224e-008
5.24704668466	1.668e-005	6.7197559e-008
5.28982529539	1.641e-005	6.4977124e-008
5.33295273996	1.615e-005	6.2838215e-008
5.37643174924	1.588e-005	6.07593e-008
5.42026533069	1.563e-005	5.8757971e-008
5.46445630775	1.537e-005	5.68116e-008
5.50900754727	1.512e-005	5.4939489e-008
5.55392196126	1.48800000001e-005	5.3117902e-008
5.59920250881	1.464e-005	5.1367833e-008
5.64485219803	1.44e-005	4.9664231e-008
5.69087408806	1.417e-005	4.8026649e-008
5.73727129121	1.394e-005	4.6431028e-008
5.78404670531	1.37099999999e-005	4.4898748e-008
5.83120354244	1.34899999999e-005	4.340503e-008
5.87874479552	1.327e-005	4.1971555e-008
5.92667350129	1.306e-005	4.0573291e-008
5.97499303006	1.285e-005	3.9233384e-008
6.02370681854	1.264e-005	3.7925767e-008
6.07281748019	1.243e-005	3.6673118e-008
6.122328549	1.22299999999e-005	3.5449867e-008
6.17224332519	1.204e-005	3.4277657e-008
6.2225648531	1.184e-005	3.3132075e-008
6.27329685025	1.165e-005	3.203611e-008
6.3244424704	1.146e-005	3.0964514e-008
6.37600523781	1.12799999999e-005	2.9939814e-008
6.42798807603	1.109e-005	2.8937245e-008
6.4803949497	1.091e-005	2.7979125e-008
6.53322888317	1.074e-005	2.7041116e-008
6.58649362928	1.056e-005	2.6145344e-008
6.64019266092	1.039e-005	2.5268238e-008
6.69432950658	1.02199999999e-005	2.4430316e-008
6.74890775259	1.006e-005	2.3610281e-008
6.80393104552	9.90000000001e-006	2.2826517e-008
6.85940271521	9.73999999998e-006	2.205996e-008
6.91532690342	9.57999999995e-006	2.1326811e-008
6.97170666851	9.42000000004e-006	2.0610157e-008
7.0285462837	9.26999999995e-006	1.9924203e-008
7.08584931088	9.11999999997e-006	1.9254163e-008
7.1436197732	8.97e-006	1.8612728e-008
7.20186093577	8.82999999996e-006	1.7986517e-008
7.26057694121	8.69000000003e-006	1.7386583e-008
7.31977158392	8.55e-006	1.6801278e-008
7.37944915668	8.40999999996e-006	1.624039e-008
7.43961314972	8.27000000003e-006	1.569346e-008
7.50026754261	8.14000000005e-006	1.5168751e-008
7.56141638173	8.00999999995e-006	1.4657475e-008
7.62306425171	7.87999999996e-006	1.4166884e-008
7.68521393477	7.74999999997e-006	1.3689168e-008
7.74787110087	7.63000000004e-006	1.3230528e-008
7.81103863944	7.50000000005e-006	1.2784164e-008
7.87472142649	7.38e-006	1.235523e-008
7.93892292931	7.25999999995e-006	1.1938063e-008
8.00364818653	7.14000000002e-006	1.1537024e-008
8.0689013102	7.03000000002e-006	1.1147267e-008
8.1346864724	6.92000000002e-006	1.07724e-008
8.20100736523	6.79999999997e-006	1.0408278e-008
8.26786936446	6.68999999998e-006	1.0057857e-008
8.33527686424	6.59000000003e-006	9.7176829e-009
8.40323319108	6.48000000003e-006	9.3900515e-009
8.47174398688	6.37000000003e-006	9.0722581e-009
8.54081327997	6.26999999997e-006	8.7660685e-009
8.61044573884	6.17000000003e-006	8.4692552e-009
8.6806461151	6.06999999997e-006	8.1830958e-009
8.7514186291	5.97000000002e-006	7.905849e-009
8.82276817874	5.88000000001e-006	7.6383191e-009
8.89469911661	5.77999999996e-006	7.3793195e-009
8.96721649875	5.68999999995e-006	7.1293012e-009
9.04032548088	5.60000000005e-006	6.8874347e-009
9.11403065249	5.51000000004e-006	6.6538357e-009
9.18833666724	5.42000000003e-006	6.4279784e-009
9.26324824564	5.33000000003e-006	6.2096718e-009
9.33877017782	5.24000000002e-006	5.9987797e-009
9.41490875634	5.15999999995e-006	5.7948532e-009
9.49166753624	5.07999999999e-006	5.5979463e-009
9.56905227405	4.98999999998e-006	5.407395e-009
9.64706735533	4.91000000002e-006	5.223482e-009
9.72571872889	4.82999999996e-006	5.0453605e-009
9.80501170702	4.76000000005e-006	4.8736671e-009
9.88495090772	4.67999999998e-006	4.7073506e-009
9.96554259719	4.60000000002e-006	4.5470831e-009
10.0467907521	4.53e-006	4.3916932e-009
10.1287010035	4.45999999998e-006	4.2420889e-009
10.21127909	4.38000000003e-006	4.0969739e-009
10.2945308623	4.31000000001e-006	3.9573267e-009
10.3784614195	4.23999999999e-006	3.821764e-009
10.4630759249	4.16999999997e-006	3.6914242e-009
10.5483805071	4.11e-006	3.564826e-009
10.6343805113	4.03999999998e-006	3.4431741e-009
10.7210813574	3.98000000001e-006	3.3249338e-009
10.8084894853	3.91e-006	3.2114121e-009
10.8966095619	3.85000000003e-006	3.1010086e-009
10.9854482241	3.78999999995e-006	2.9950742e-009
11.0750122604	3.72999999998e-006	2.8919784e-009
11.1653056005	3.67000000001e-006	2.793115e-009
11.2563352067	3.61000000004e-006	2.6968389e-009
11.348107169	3.54999999996e-006	2.6045935e-009
11.4406266267	3.48999999999e-006	2.5147086e-009
11.5339009052	3.43000000003e-006	2.428661e-009
11.6279364221	3.38e-006	2.3447569e-009
11.7227374965	3.32000000003e-006	2.2644855e-009
11.8183118059	3.27e-006	2.1861579e-009
11.9146649363	3.21999999997e-006	2.1112724e-009
12.0118048585	3.17000000005e-006	2.038154e-009
12.1097350236	3.12000000002e-006	1.9683208e-009
12.2084648048	3.06000000005e-006	1.9000918e-009
12.3079989882	3.01999999996e-006	1.8349368e-009
12.408345458	2.97000000005e-006	1.771234e-009
12.5095095177	2.92000000002e-006	1.7104842e-009
12.6114982889	2.86999999999e-006	1.6510498e-009
12.7143186435	2.83000000001e-006	1.5943937e-009
12.8179773093	2.77999999998e-006	1.53893e-009
12.9224809884	2.74e-006	1.4861082e-009
13.027836761	2.68999999997e-006	1.4344028e-009
13.1340514171	2.64999999999e-006	1.385099e-009
13.2411321341	2.59999999996e-006	1.3368712e-009
13.3490857857	2.55999999998e-006	1.2908826e-009
13.4579194966	2.52000000001e-006	1.2459257e-009
13.5676406583	2.48000000003e-006	1.2030167e-009
13.6782563429	2.44000000005e-006	1.161101e-009
13.789773885	2.39999999996e-006	1.1210841e-009
13.9022005867	2.35999999998e-006	1.0820165e-009
14.015543869	2.32e-006	1.0446818e-009
14.1298111149	2.28999999996e-006	1.0082601e-009
14.2450101532	2.24999999998e-006	9.7344457e-010
14.3611482914	2.21e-006	9.3950191e-010
14.4782334509	2.17999999996e-006	9.0702606e-010
14.5962730104	2.13999999998e-006	8.7538945e-010
14.7152749777	2.11000000006e-006	8.4511546e-010
14.8352473271	2.06999999997e-006	8.1563943e-010
14.9561976303	2.04000000004e-006	7.8740251e-010
15.0781341175	2.01e-006	7.5993154e-010
15.2010646091	1.97999999996e-006	7.336045e-010
15.3249974231	1.93999999998e-006	7.0800916e-010
15.4499406408	1.91000000005e-006	6.8346178e-010
15.5759024733	1.88000000001e-006	6.5961347e-010
15.702891266	1.84999999997e-006	6.3672923e-010
15.8309155051	1.82000000004e-006	6.1451351e-010
15.9599834118	1.79e-006	5.9318355e-010
16.0901035416	1.75999999996e-006	5.7249262e-010
16.2212845941	1.73000000003e-006	5.5261292e-010
16.3535352035	1.71000000004e-006	5.3334053e-010
16.4868641462	1.68e-006	5.1480835e-010
16.621279901	1.64999999996e-006	4.9685584e-010
16.756791525	1.62999999997e-006	4.7958445e-010
16.893408005	1.60000000005e-006	4.6286619e-010
17.0311384791	1.57000000001e-006	4.4677255e-010
17.1699915302	1.55000000002e-006	4.3120371e-010
17.3099768253	1.51999999998e-006	4.1620527e-010
17.4511034804	1.49999999999e-006	4.017101e-010
17.5933805069	1.46999999995e-006	3.8773995e-010
17.7368178126	1.44999999996e-006	3.7424391e-010
17.881424206	1.42999999997e-006	3.6122303e-010
18.0272099199	1.40000000004e-006	3.4865731e-010
18.1741837933	1.38000000005e-006	3.3652954e-010
18.3223563975	1.35999999995e-006	3.2483339e-010
18.4717365967	1.33999999996e-006	3.1353584e-010
18.622335035	1.31999999997e-006	3.0264709e-010
18.7741611514	1.29000000004e-006	2.9212186e-010
18.9272250943	1.27000000005e-006	2.8198705e-010
19.0815368939	1.24999999995e-006	2.7218458e-010
19.2371067435	1.22999999996e-006	2.62752e-010
19.3939450064	1.20999999997e-006	2.5362284e-010
19.5520619146	1.18999999998e-006	2.4484566e-010
19.7114681777	1.16999999999e-006	2.3634509e-010
19.8721737411	1.15999999994e-006	2.2864984e-010
20.0341896584	1.13999999996e-006	2.214445e-010
20.1975265312	1.11999999997e-006	2.1390973e-010
20.3621947982	1.09999999998e-006	2.0630302e-010
20.5282060747	1.07999999999e-006	1.9901125e-010
20.6955704785	1.07000000005e-006	1.9193625e-010
20.8642993075	1.04999999995e-006	1.8516008e-010
21.0344040599	1.02999999996e-006	1.7858085e-010
21.2058953552	1.00999999997e-006	1.7228317e-010
21.3787850649	1.00000000003e-006	1.6616345e-010
21.5530841615	9.80000000039e-007	1.6031077e-010
21.7288045396	9.69999999989e-007	1.5461912e-010
21.9059571499	9.5e-007	1.4917829e-010
22.0845542733	9.39999999949e-007	1.4388307e-010
22.2646076245	9.1999999996e-007	1.3882558e-010
22.4461287027	9.10000000021e-007	1.3389971e-010
22.6291300056	8.90000000031e-007	1.291983e-010
22.8136230046	8.79999999981e-007	1.2461576e-010
22.9996201853	8.59999999991e-007	1.2024508e-010
23.1871342563	8.50000000052e-007	1.1598175e-010
23.3761763955	8.29999999952e-007	1.1191841e-010
23.5667601474	8.20000000012e-007	1.0795189e-010
23.7588979689	8.09999999962e-007	1.0417358e-010
23.952601592	8.00000000023e-007	1.0048245e-010
24.1478847783	7.80000000034e-007	9.6969358e-011
24.344760133	7.69999999983e-007	9.3534749e-011
24.5432409423	7.60000000044e-007	9.0268308e-011
24.7433397398	7.49999999994e-007	8.7072365e-011
24.9450697412	7.30000000004e-007	8.403478e-011
25.1484443827	7.19999999954e-007	8.1061535e-011
25.3534773302	7.10000000015e-007	7.8235496e-011
25.5601814348	6.99999999965e-007	7.5470096e-011
25.7685713343	6.90000000025e-007	7.2839772e-011
25.9786597819	6.79999999975e-007	7.0267769e-011
26.1904613529	6.70000000036e-007	6.7819213e-011
26.4039897753	6.50000000046e-007	6.542672e-011
26.6192589931	6.39999999996e-007	6.3147949e-011
26.8362831743	6.29999999946e-007	6.0922806e-011
27.055076721	6.20000000007e-007	5.8801398e-011
27.2756542786	6.09999999956e-007	5.6731502e-011
27.4980301359	6.00000000017e-007	5.475665e-011
27.7222188061	5.89999999967e-007	5.2831061e-011
27.9482350356	5.80000000028e-007	5.0992393e-011
28.1760944542	5.69999999978e-007	4.9200845e-011
28.4058116852	5.69999999978e-007	4.7489115e-011
28.6374015737	5.60000000038e-007	4.5822396e-011
28.870879196	5.49999999988e-007	4.422855e-011
29.1062605529	5.40000000049e-007	4.2677675e-011
29.3435612456	5.29999999999e-007	4.1193566e-011
29.5827964323	5.19999999948e-007	3.9750535e-011
29.8239822151	5.10000000009e-007	3.8368644e-011
30.0671342505	4.99999999959e-007	3.7333611e-011
30.312268442	4.99999999959e-007	3.7147193e-011
30.5594017042	4.9000000002e-007	3.6960386e-011
30.8085497378	4.79999999969e-007	3.6736479e-011
31.0597284741	4.7000000003e-007	3.5485339e-011
31.312955666	4.7000000003e-007	3.4259679e-011
31.5682470082	4.5999999998e-007	3.3072234e-011
31.82562004	4.50000000041e-007	3.1944836e-011
32.0850909656	4.3999999999e-007	3.0840404e-011
32.3466779077	4.3999999999e-007	2.9766278e-011
32.6103976246	4.30000000051e-007	2.8749571e-011
32.8762662553	4.20000000001e-007	2.7753571e-011
33.1443036897	4.20000000001e-007	2.6798592e-011
33.4145257617	4.09999999951e-007	2.5880701e-011
33.6869512217	4.00000000012e-007	2.4981496e-011
33.9615982474	4.00000000012e-007	2.4120723e-011
34.2384834368	3.89999999961e-007	2.3291421e-011
34.5176264713	3.80000000022e-007	2.2480924e-011
34.7990454766	3.80000000022e-007	2.1714902e-011
35.0827588642	3.69999999972e-007	2.0964485e-011
35.3687853438	3.60000000033e-007	2.0235894e-011
35.6571429097	3.60000000033e-007	1.9542587e-011
35.9478529392	3.49999999982e-007	1.8863377e-011
36.2409319842	3.49999999982e-007	1.8212192e-011
36.5364010472	3.40000000043e-007	1.7581538e-011
36.83427828	3.40000000043e-007	1.6976507e-011
37.1345842938	3.29999999993e-007	1.6393071e-011
37.4373389595	3.29999999993e-007	1.5832843e-011
37.7425624807	3.20000000054e-007	1.5284061e-011
38.0502742394	3.20000000054e-007	1.4750472e-011
38.3604939017	3.10000000003e-007	1.4248058e-011
38.6732438423	2.99999999953e-007	1.37559e-011
38.9885432238	2.99999999953e-007	1.3273784e-011
39.3064126995	2.99999999953e-007	1.2821919e-011
39.6268745257	2.90000000014e-007	1.2380032e-011
39.9499475298	2.90000000014e-007	1.1947137e-011
40.2756559713	2.79999999964e-007	1.1541961e-011
40.6040193394	2.79999999964e-007	1.1148437e-011
40.9350600502	2.70000000024e-007	1.0762916e-011
41.2687995559	2.70000000024e-007	1.0385297e-011
41.6052596458	2.59999999974e-007	1.0022594e-011
41.9444638788	2.59999999974e-007	9.6829919e-012
42.286433388	2.59999999974e-007	9.3502875e-012
42.6311910604	2.50000000035e-007	9.0243929e-012
42.9787586897	2.50000000035e-007	8.7051517e-012
43.329159899	2.39999999985e-007	8.4102314e-012
43.682418739	2.39999999985e-007	8.1224584e-012
44.0385565768	2.39999999985e-007	7.8405511e-012
44.397599808	2.30000000045e-007	7.5644148e-012
44.7595689464	2.30000000045e-007	7.3051729e-012
45.1244896152	2.19999999995e-007	7.0556062e-012
45.4923846122	2.19999999995e-007	6.8111261e-012
45.8632787472	2.19999999995e-007	6.5716507e-012
46.2371989939	2.09999999945e-007	6.344148e-012
46.6141658863	2.09999999945e-007	6.1253555e-012
46.9942072191	2.09999999945e-007	5.9110275e-012
47.377345963	2.00000000006e-007	5.7088373e-012
47.7636090457	2.00000000006e-007	5.5108734e-012
48.1530201844	2.00000000006e-007	5.3197351e-012
48.545607204	1.89999999956e-007	5.1367479e-012
48.9413946339	1.89999999956e-007	4.9574868e-012
49.3404093057	1.89999999956e-007	4.7872858e-012
49.7426765363	1.80000000016e-007	4.621466e-012
50.1482240418	1.80000000016e-007	4.4620394e-012
50.557077995	1.80000000016e-007	4.3110052e-012
50.9692649741	1.80000000016e-007	4.1630746e-012
51.3848119792	1.69999999966e-007	4.0181507e-012
51.8037486142	1.69999999966e-007	3.8761855e-012
52.2260984825	1.69999999966e-007	3.7420718e-012
52.6518943237	1.60000000027e-007	3.6149572e-012
53.0811582995	1.60000000027e-007	3.4904201e-012
53.5139241953	1.60000000027e-007	3.3684378e-012
53.9502195867	1.60000000027e-007	3.2489504e-012
54.3900700701	1.49999999977e-007	3.1385986e-012
54.8335063595	1.49999999977e-007	3.03133e-012
55.2805597649	1.49999999977e-007	2.9262575e-012
55.7312547017	1.49999999977e-007	2.8233303e-012
56.1856284703	1.40000000037e-007	2.7247698e-012
56.6437038385	1.40000000037e-007	2.6314952e-012
57.1055141136	1.40000000037e-007	2.5401224e-012
57.5710906383	1.40000000037e-007	2.4509125e-012
58.0404598838	1.40000000037e-007	2.3666224e-012
58.513659598	1.29999999987e-007	2.2841248e-012
58.9907144581	1.29999999987e-007	2.2057036e-012
59.471660636	1.29999999987e-007	2.1288892e-012
59.95652934	1.29999999987e-007	2.0550933e-012
60.4453463738	1.20000000048e-007	1.9862182e-012
60.9381526411	1.20000000048e-007	1.9190372e-012
61.4349749342	1.20000000048e-007	1.8532351e-012
61.9358494868	1.20000000048e-007	1.7887766e-012
62.4408070165	1.20000000048e-007	1.7256276e-012
62.9498786344	1.20000000048e-007	1.6637795e-012
63.4631056074	1.09999999998e-007	1.6082123e-012
63.9805137587	1.09999999998e-007	1.5543183e-012
64.5021390071	1.09999999998e-007	1.5015069e-012
65.0280179599	1.09999999998e-007	1.4497855e-012
65.5581879417	1.09999999998e-007	1.3991119e-012
66.0926764538	9.99999999474e-008	1.3494695e-012
66.6315218262	9.99999999474e-008	1.3008535e-012
67.1747631816	9.99999999474e-008	1.2552711e-012
67.7224330696	9.99999999474e-008	1.2117841e-012
68.2745681749	9.99999999474e-008	1.1700394e-012
68.8312019978	9.99999999474e-008	1.1300017e-012
69.3923762193	9.00000000081e-008	1.0907812e-012
69.9581255646	9.00000000081e-008	1.05236e-012
70.5284892317	9.00000000081e-008	1.0176052e-012
71.1034990056	9.00000000081e-008	9.8378659e-013
71.6831993441	9.00000000081e-008	9.5064903e-013
72.2676273439	9.00000000081e-008	9.1819053e-013
72.8568163757	9.00000000081e-008	8.8638249e-013
73.4508131635	7.99999999579e-008	8.5523196e-013
74.0496479058	7.99999999579e-008	8.2471963e-013
74.6533688371	7.99999999579e-008	7.9483521e-013
75.2620117212	7.99999999579e-008	7.667878e-013
75.8756173538	7.99999999579e-008	7.4054651e-013
76.4942225206	7.99999999579e-008	7.1484061e-013
77.1178740298	7.99999999579e-008	6.8967505e-013
77.7466051391	7.99999999579e-008	6.6640455e-013
78.3804690892	7.00000000187e-008	6.4360409e-013
79.0194954059	7.00000000187e-008	6.2127278e-013
79.6637339686	7.00000000187e-008	5.9939316e-013
80.3132254661	7.00000000187e-008	5.7885493e-013
80.9680111702	7.00000000187e-008	5.5967627e-013
81.6281329602	7.00000000187e-008	5.4088848e-013
82.2936388106	7.00000000187e-008	5.2248074e-013
82.9645721603	7.00000000187e-008	5.0445134e-013
83.6409771436	7.00000000187e-008	4.8678547e-013
84.3228928833	5.99999999684e-008	4.6948586e-013
85.0103705384	5.99999999684e-008	4.5256327e-013
85.7034505766	5.99999999684e-008	4.3761742e-013
86.4021799163	5.99999999684e-008	4.2297263e-013
87.1066124373	5.99999999684e-008	4.0862735e-013
87.8167846364	5.99999999684e-008	3.9457348e-013
88.5327457619	5.99999999684e-008	3.8080633e-013
89.2545395775	5.99999999684e-008	3.6732127e-013
89.9822234667	5.99999999684e-008	3.5411069e-013
90.7158429754	5.99999999684e-008	3.4237535e-013
91.4554375303	5.00000000292e-008	3.3090878e-013
92.20106734	5.00000000292e-008	3.1967445e-013
92.9527732735	5.00000000292e-008	3.0866627e-013
93.7106106292	5.00000000292e-008	2.9788533e-013
94.474621509	5.00000000292e-008	2.873256e-013
95.2448629578	5.00000000292e-008	2.77272e-013
96.0213858632	5.00000000292e-008	2.6804276e-013
96.8042419591	5.00000000292e-008	2.5900208e-013
97.5934761776	5.00000000292e-008	2.5014507e-013
98.3891494814	5.00000000292e-008	2.4146698e-013
99.1913004797	5.00000000292e-008	2.3296849e-013
100.0	5.00000000292e-008	2.2464319e-013
100.17	5.41382e-008	2.61611e-013
102.13	5.20801e-008	2.40708e-013
104.13	5.00986e-008	2.2147e-013
106.16	4.82009e-008	2.03807e-013
108.24	4.63662e-008	1.87523e-013
110.35	4.46099e-008	1.72567e-013
112.51	4.29135e-008	1.58778e-013
114.71	4.12832e-008	1.46105e-013
116.96	3.971e-008	1.34427e-013
119.24	3.82059e-008	1.23711e-013
121.57	3.67554e-008	1.13836e-013
123.95	3.53574e-008	1.04744e-013
126.37	3.40162e-008	9.63922e-014
128.84	3.27244e-008	8.87e-014
131.36	3.14809e-008	8.16187e-014
133.93	3.02843e-008	7.51033e-014
136.55	2.91332e-008	6.91113e-014
139.22	2.80265e-008	6.35982e-014
141.94	2.69626e-008	5.85274e-014
144.72	2.59367e-008	5.3853e-014
147.55	2.49513e-008	4.95565e-014
150.43	2.4005e-008	4.5608e-014
153.37	2.30935e-008	4.19704e-014
156.37	2.22159e-008	3.86235e-014
159.43	2.13713e-008	3.55411e-014
162.55	2.05587e-008	3.27057e-014
165.73	1.97773e-008	3.00972e-014
168.97	1.90261e-008	2.76976e-014
172.27	1.83042e-008	2.54907e-014
175.64	1.76085e-008	2.3458e-014
179.07	1.69404e-008	2.1589e-014
182.57	1.62971e-008	1.98682e-014
186.14	1.5678e-008	1.82846e-014
189.78	1.50823e-008	1.68272e-014
193.49	1.45095e-008	1.54861e-014
197.28	1.39573e-008	1.42511e-014
201.13	1.34281e-008	1.31166e-014
205.07	1.29171e-008	1.20704e-014
209.08	1.24263e-008	1.11086e-014
213.17	1.19541e-008	1.02235e-014
217.33	1.15008e-008	9.40976e-015
221.58	1.10639e-008	8.6601e-015
225.91	1.06438e-008	7.97037e-015
230.33	1.02392e-008	7.33537e-015
234.84	9.8497e-009	6.75089e-015
239.43	9.47567e-009	6.21333e-015
244.11	9.11582e-009	5.71855e-015
248.88	8.76974e-009	5.26328e-015
253.75	8.43635e-009	4.84405e-015
258.71	8.11597e-009	4.45848e-015
263.77	7.80757e-009	4.10344e-015
268.93	7.51083e-009	3.77668e-015
274.18	7.22595e-009	3.47634e-015
279.54	6.9515e-009	3.19955e-015
285.01	6.68723e-009	2.9448e-015
290.58	6.43331e-009	2.7105e-015
296.26	6.18899e-009	2.49488e-015
302.06	5.9536e-009	2.29617e-015
307.96	5.72766e-009	2.11354e-015
313.98	5.51013e-009	1.94544e-015
320.12	5.30079e-009	1.79067e-015
326.38	5.0994e-009	1.64816e-015
332.76	4.90573e-009	1.51702e-015
339.27	4.71927e-009	1.39634e-015
345.9	4.54009e-009	1.28535e-015
352.67	4.36746e-009	1.18303e-015
359.56	4.20168e-009	1.08901e-015
366.59	4.04207e-009	1.00236e-015
373.76	3.88848e-009	9.22652e-016
381.07	3.74073e-009	8.49301e-016
388.52	3.59864e-009	7.81764e-016
396.12	3.46188e-009	7.19616e-016
403.86	3.33046e-009	6.62425e-016
411.76	3.20388e-009	6.09741e-016
419.81	3.08219e-009	5.61299e-016
428.02	2.96508e-009	5.16689e-016
436.39	2.85243e-009	4.75611e-016
444.92	2.74411e-009	4.37807e-016
453.62	2.63986e-009	4.03016e-016
462.49	2.53957e-009	3.70993e-016
471.53	2.44313e-009	3.4152e-016
480.75	2.35032e-009	3.14385e-016
490.15	2.26103e-009	2.89407e-016
499.73	2.17517e-009	2.6642e-016
509.5	2.09255e-009	2.45259e-016
519.47	2.013e-009	2.25769e-016
529.62	1.93658e-009	2.07845e-016
539.98	1.86299e-009	1.91333e-016
550.54	1.7922e-009	1.76139e-016
561.3	1.72415e-009	1.62153e-016
572.28	1.65862e-009	1.49276e-016
583.47	1.59561e-009	1.37423e-016
594.87	1.53504e-009	1.26517e-016
606.51	1.47669e-009	1.16468e-016
618.36	1.42063e-009	1.07227e-016
630.45	1.36667e-009	9.87154e-017
642.78	1.31474e-009	9.08788e-017
655.35	1.26479e-009	8.36662e-017
668.16	1.21676e-009	7.7026e-017
681.23	1.17052e-009	7.09139e-017
694.55	1.12605e-009	6.52857e-017