3.71999519923e-006	-2.4155	0.0
4.95900163993e-006	-2.416	0.0014
6.199e-006	-2.4165	0.001
7.43000287659e-006	-2.417	0.00072
9.91903481823e-006	-2.418	0.00043
1.23999963994e-005	-2.4185	0.00029
1.36400042247e-005	-2.4188	0.0
1.48799986558e-005	-2.419	0.00023
1.7360012322e-005	-2.4192	0.00019
1.9840006145e-005	-2.4195	0.00017
2.48000176029e-005	-2.4197	0.0
4.09200576934e-005	-2.42	0.0
4.95900163993e-005	-2.4201	9.15e-005
6.199e-005	-2.4204	0.000286
8.26500273322e-005	-2.4207	0.0
8.54999103485e-005	-2.4208	0.0
9.18397582151e-005	-2.4209	0.0
0.000123999963994	-2.4215	6.76e-005
0.000137799957764	-2.4219	0.0
0.000154999993749	-2.4224	1.53e-005
0.000177100117705	-2.4231	0.0
0.000206599933011	-2.4242	0.0
0.000248000176029	-2.4261	1.99e-007
0.000310000375061	-2.4294	0.0
0.00035420023541	-2.4321	0.0
0.000362600498949	-2.4327	0.0
0.00037530006145	-2.4335	0.0
0.000413299730645	-2.4361	0.0
0.000456799675767	-2.4393	2.5e-009
0.000495900163993	-2.4424	0.0
0.000508700593717	-2.4434	0.0
0.0006199	-2.449	0.0
0.000688800737802	-2.4578	0.0
0.000731001220497	-2.4644	0.0
0.0007748992156	-2.471	0.0
0.000809300625351	-2.4784	0.0
0.000885603057252	-2.4876	0.0
0.000903697008572	-2.5007	0.0
0.00103300310784	-2.5193	0.0
0.00108399709722	-2.5295	0.0
0.00110700382157	-2.5361	0.0
0.00150000060494	-2.673	0.005
0.00151999980384	-2.681	0.006
0.00153999987579	-2.688	0.006
0.00155999919471	-2.697	0.007
0.00157999908243	-2.705	0.007
0.0016	-2.714	0.008
0.00161999924214	-2.721	0.008
0.00163999915341	-2.728	0.009
0.00166000104436	-2.736	0.009
0.00168000043362	-2.745	0.01
0.00170000027424	-2.752	0.01
0.00171999988901	-2.761	0.011
0.00173999935441	-2.768	0.011
0.00175999954573	-2.778	0.012
0.00177999962671	-2.787	0.013
0.00179999941926	-2.796	0.013
0.00181999944217	-2.805	0.013
0.00184000094983	-2.815	0.014
0.00186000039006	-2.826	0.015
0.00188000024262	-2.837	0.016
0.0019000009195	-2.847	0.016
0.00192000049556	-2.858	0.017
0.00194000050073	-2.87	0.018
0.00196000006324	-2.882	0.019
0.00197999878626	-2.893	0.022
0.002	-2.906	0.022
0.00202000123826	-2.918	0.024
0.00204000032909	-2.931	0.025
0.00205999883691	-2.943	0.025
0.00207999892628	-2.956	0.027
0.00209999983062	-2.969	0.03
0.00212000116277	-2.983	0.03
0.00213999924052	-2.997	0.027
0.00216000181191	-3.012	0.03
0.00217999845265	-3.026	0.034
0.00220000177448	-3.042	0.032
0.00222000186224	-3.057	0.038
0.00224000057816	-3.073	0.032
0.00226000029166	-3.089	0.044
0.00227999970576	-3.106	0.044
0.00229999777384	-3.123	0.048
0.00231999805388	-3.14	0.045
0.00234000026424	-3.159	0.043
0.00235999992386	-3.177	0.053
0.00238000168931	-3.196	0.056
0.00240000154864	-3.215	0.06
0.00242000023423	-3.235	0.06
0.00243999881916	-3.255	0.072
0.00245999873012	-3.277	0.066
0.00248000176029	-3.298	0.073
0.0025	-3.32	0.073
0.00252000065043	-3.343	0.077
0.00254000122923	-3.367	0.079
0.00255999933925	-3.391	0.083
0.00257999804388	-3.416	0.094
0.00260000083885	-3.442	0.09
0.00262000059171	-3.466	0.12
0.00264000119245	-3.495	0.12
0.00266000128731	-3.522	0.134
0.00267999965414	-3.553	0.131
0.00270000108889	-3.583	0.13
0.00271999894693	-3.615	0.131
0.00273999849718	-3.648	0.133
0.00275999937667	-3.682	0.149
0.00278000139022	-3.718	0.149
0.00279999819326	-3.753	0.163
0.00282000250202	-3.791	0.17
0.00284000192418	-3.831	0.185
0.00285999672431	-3.872	0.185
0.00288000074335	-3.916	0.194
0.00290000163736	-3.961	0.203
0.00292000028263	-4.009	0.211
0.00293999777093	-4.058	0.228
0.00296000248298	-4.109	0.244
0.00298000192289	-4.164	0.255
0.00299999758026	-4.222	0.269
0.00301999853847	-4.284	0.291
0.00303999960768	-4.349	0.313
0.00306000301113	-4.42	0.329
0.00308000357736	-4.493	0.355
0.00310000375061	-4.57	0.387
0.00311999838942	-4.654	0.416
0.00313999812583	-4.744	0.456
0.00315999816487	-4.842	0.505
0.00318000174415	-4.948	0.561
0.00319999587031	-5.062	0.63
0.00322000046749	-5.185	0.714
0.00324000271786	-5.316	0.815
0.00325999784385	-5.452	0.945
0.00327999830682	-5.585	1.11
0.00329999973383	-5.709	1.321
0.00331999764349	-5.799	1.577
0.00333999644395	-5.829	1.87
0.00336000086724	-5.796	2.169
0.00337999754638	-5.695	2.456
0.00340000054848	-5.522	2.705
0.00341999641394	-5.308	2.881
0.00343999977803	-5.089	2.982
0.0034599970976	-4.894	3.023
0.00348000359284	-4.733	3.026
0.00349999576545	-4.61	3.014
0.00351999909147	-4.515	2.999
0.00353999988579	-4.442	2.989
0.00356000436458	-4.383	2.984
0.00357999844072	-4.336	2.983
0.00359999883852	-4.296	2.987
0.00362000198548	-4.261	2.995
0.00364000422778	-4.231	3.007
0.0036600018303	-4.204	3.021
0.00368000189966	-4.179	3.039
0.00370000089531	-4.156	3.058
0.00371999519923	-4.134	3.079
0.00374000368027	-4.115	3.103
0.00376000048524	-4.095	3.128
0.00378000481723	-4.079	3.154
0.00380000183901	-4.065	3.182
0.00381999969189	-4.052	3.211
0.00383999504437	-4.04	3.242
0.00385999651299	-4.029	3.275
0.00388000100145	-4.021	3.31
0.00390000534764	-4.016	3.346
0.00391999392935	-4.012	3.386
0.00394000063559	-4.009	3.429
0.00395999757251	-4.01	3.477
0.00397999409325	-4.009	3.529
0.004	-4.01	3.587
0.00401999948121	-4.015	3.65
0.00404000247653	-4.018	3.72
0.00406000609099	-4.02	3.798
0.00407999394484	-4.021	3.885
0.00410000330699	-4.02	3.979
0.00412000451944	-4.012	4.086
0.00413999445686	-3.999	4.204
0.00415999785256	-3.977	4.335
0.00417999817938	-3.941	4.48
0.0042000067753	-3.888	4.639
0.00422000673948	-3.805	4.812
0.00423999507534	-3.686	4.989
0.0042599980071	-3.525	5.158
0.00427999848105	-3.318	5.301
0.00429999375707	-3.086	5.395
0.00431999609744	-2.849	5.439
0.0043400030805	-2.634	5.435
0.00435999690531	-2.444	5.414
0.00438000558188	-2.277	5.381
0.00439999574125	-2.12	5.344
0.0044199958645	-1.974	5.304
0.00444000372447	-1.833	5.257
0.00446000100726	-1.7	5.206
0.00448000115632	-1.572	5.148
0.00450000181481	-1.451	5.082
0.00452000058332	-1.339	5.011
0.00453999501985	-1.234	4.933
0.00455999941152	-1.14	4.849
0.00457999475432	-1.059	4.764
0.00459999554767	-0.988	4.678
0.00461999962736	-0.927	4.59
0.00464000479046	-0.874	4.506
0.0046599912799	-0.831	4.426
0.00467999169545	-0.794	4.35
0.00470000417003	-0.764	4.278
0.00471999086306	-0.737	4.211
0.00474000328795	-0.713	4.149
0.00476000337861	-0.692	4.088
0.00478000709406	-0.673	4.031
0.00479999380546	-0.658	3.979
0.00481999844491	-0.643	3.928
0.00484000046846	-0.629	3.88
0.00485999772641	-0.618	3.835
0.00488000724247	-0.608	3.789
0.00490000790451	-0.597	3.749
0.00491999746024	-0.591	3.709
0.00493999330603	-0.584	3.67
0.00495999359898	-0.58	3.632
0.00497999646524	-0.575	3.598
0.005	-0.57	3.565
0.00502000226746	-0.569	3.533
0.00504000130086	-0.568	3.504
0.00505999510244	-0.569	3.477
0.00508000245846	-0.57	3.451
0.00510000082271	-0.571	3.429
0.00512000925054	-0.573	3.408
0.00514000480917	-0.579	3.389
0.00516000682563	-0.582	3.376
0.00517999197807	-0.586	3.363
0.00520000167769	-0.589	3.354
0.00521999073723	-0.592	3.347
0.00524000118342	-0.591	3.344
0.00526000941863	-0.59	3.344
0.00527999114181	-0.585	3.346
0.00529998931281	-0.579	3.353
0.00532000257461	-0.566	3.358
0.00534000654687	-0.548	3.364
0.00535999930828	-0.526	3.368
0.00538000225649	-0.502	3.368
0.00539999041783	-0.471	3.366
0.00542000918053	-0.445	3.359
0.0054400098287	-0.416	3.35
0.00545999031136	-0.389	3.334
0.00547999699436	-0.362	3.319
0.0055000044362	-0.34	3.302
0.0055200110418	-0.319	3.285
0.00553999043751	-0.299	3.267
0.00555999031329	-0.28	3.245
0.00558000954156	-0.265	3.228
0.00559999638652	-0.247	3.206
0.0056199995467	-0.235	3.19
0.00563999217552	-0.222	3.169
0.00565999835651	-0.211	3.15
0.00567999083725	-0.195	3.135
0.00569999402324	-0.18	3.112
0.00572000664366	-0.175	3.102
0.00574000083336	-0.164	3.086
0.00576000148669	-0.155	3.073
0.0057800072728	-0.139	3.061
0.00579998970804	-0.133	3.045
0.00582000150218	-0.119	3.025
0.00583998681081	-0.109	3.015
0.00585999905469	-0.102	3.005
0.00588000948542	-0.088	2.987
0.00589998857883	-0.083	2.982
0.00591999083208	-0.07	2.963
0.00593998687243	-0.066	2.937
0.00596000384578	-0.046	2.944
0.00598001196195	-0.036	2.928
0.006000009679	-0.01	2.909
0.00625	0.032	2.89
0.00650001572838	0.153	2.73
0.00675000272221	0.244	2.58
0.00700001129216	0.318	2.45
0.00724999561421	0.382	2.32
0.00749998487662	0.437	2.21
0.00775000937652	0.483	2.1
0.008	0.522	2.0
0.00824998835499	0.556	1.9
0.0084999897161	0.586	1.82
0.00875002646604	0.611	1.73
0.00899997096315	0.633	1.66
0.00925002984362	0.652	1.58
0.00950001915635	0.668	1.51
0.00974999803396	0.682	1.45
0.01	0.694	1.38
0.0102500082675	0.705	1.32
0.0105000169382	0.714	1.26
0.0107500216769	0.722	1.21
0.0110000088724	0.728	1.16
0.0112500453704	0.733	1.11
0.0114999675352	0.737	1.06
0.0117499881533	0.741	1.01
0.0119999612842	0.743	0.963
0.0122500197613	0.744	0.918
0.0125	0.745	0.875
0.0127500020568	0.744	0.833
0.0130000041942	0.742	0.792
0.0132500016031	0.739	0.752
0.0135000054444	0.735	0.714
0.0137499958411	0.731	0.677
0.0140000067753	0.725	0.641
0.0142500014367	0.719	0.607
0.0145000081868	0.712	0.573
0.0147500065434	0.704	0.541
0.0150000060494	0.696	0.51
0.0152499926198	0.687	0.479
0.0154999993749	0.677	0.45
0.0157499920602	0.667	0.421
0.016	0.655	0.394
0.0162499967233	0.643	0.367
0.0164999986691	0.631	0.342
0.0166000104436	0.626	0.333
0.0167000047145	0.621	0.323
0.0168000043362	0.614	0.314
0.0170000027424	0.603	0.296
0.017249991304	0.589	0.275
0.0175000035288	0.574	0.255
0.0177499967787	0.56	0.237
0.0179999941926	0.545	0.219
0.0185000044765	0.515	0.189
0.019000009195	0.486	0.163
0.0190700028148	0.487	0.113
0.0193699985314	0.47	0.1
0.0194999960679	0.458	0.14
0.0196799898409	0.451	0.093
0.02	0.431	0.122
0.02	0.433	0.0835
0.0203299892758	0.41	0.074
0.0206599933011	0.39	0.065
0.0210099983054	0.373	0.058
0.0213799906189	0.356	0.051
0.0217499995614	0.341	0.0455
0.0221399973571	0.325	0.0405
0.0225400149806	0.309	0.0365
0.0229599820735	0.294	0.0325
0.0233899814359	0.278	0.0292
0.0238400153831	0.263	0.0264
0.0243099945882	0.248	0.0243
0.0248000176029	0.234	0.0223
0.0252999755122	0.222	0.0205
0.0258299738533	0.208	0.0192
0.0263800143411	0.197	0.0178
0.0269500061952	0.186	0.0168
0.0275500091107	0.176	0.0158
0.0281800266844	0.166	0.0152
0.0288300103712	0.157	0.0147
0.0295200316201	0.147	0.0142
0.029999999758	0.14529343	0.014279665
0.0302445871813	0.1424555	0.014070758
0.0304911685053	0.13968892	0.01386478
0.0307397600871	0.13697171	0.01366194
0.0309903777852	0.1343058	0.013461943
0.0312430400572	0.13168668	0.013265051
0.0314977609609	0.12912685	0.013084839
0.0317545595378	0.12661243	0.012908181
0.0320134511236	0.12416437	0.012766438
0.0322744537494	0.12176078	0.012626423
0.0325375840852	0.11943033	0.012487792
0.0328028599183	0.11714206	0.012350842
0.0330702984708	0.11491365	0.01221522
0.0333399172364	0.11272566	0.012081237
0.0336117349037	0.11059148	0.011948602
0.033885767737	0.10849615	0.011817556
0.0341620350124	0.10645033	0.011687811
0.0344405554291	0.10444189	0.011559615
0.0347213451023	0.10247966	0.011432713
0.0350044252449	0.10055332	0.011307318
0.0352898135375	0.09866988	0.011183182
0.0355775279042	0.09682105	0.011060513
0.0358675875593	0.09501284	0.010939095
0.0361600131037	0.09323791	0.010819102
0.0364548212648	0.09150107	0.010700333
0.036752034368	0.08979637	0.010582948
0.037051669716	0.0881279	0.010466771
0.0373537492854	0.08649049	0.010351948
0.0376582898082	0.08488769	0.010238326
0.037965315111	0.08331506	0.010126011
0.0382748425122	0.08177582	0.010014851
0.0385868930738	0.08026675	0.009904974
0.0389014882408	0.07879169	0.0097962615
0.0392186486161	0.07734738	0.0096845846
0.0395383938757	0.07593836	0.0095660586
0.0398607465238	0.07455288	0.0094419118
0.0401857282062	0.07319021	0.0093070342
0.0405133582979	0.07184558	0.0091741099
0.0408436604301	0.07051578	0.0090430641
0.0411766546237	0.0692085	0.0089139059
0.0415123639242	0.06792323	0.0087865697
0.0418508104012	0.06665949	0.0086610675
0.0421920150505	0.06541678	0.0085373475
0.0425360035294	0.06419501	0.008415404
0.0428827946605	0.06299376	0.0082951962
0.0432324134165	0.06181271	0.0081767101
0.0435848837583	0.06065148	0.0080599146
0.043940226973	0.0595099	0.0079447868
0.044298467769	0.05838766	0.0078313055
0.0446596281104	0.05728434	0.0077194417
0.0450237335141	0.0561997	0.0076091824
0.045390808343	0.05513406	0.0075004887
0.0457608756915	0.05408705	0.0073933578
0.046133958981	0.05305751	0.0072849489
0.0465100854633	0.05204535	0.007176126
0.0468892776536	0.05104828	0.0070675924
0.0472715601285	0.05006695	0.0069598454
0.0476569615162	0.04909917	0.006853729
0.0480455036415	0.0481462	0.0067492409
0.048437214189	0.04720738	0.0066463319
0.0488321175588	0.04628367	0.006545004
0.0492302423944	0.04537331	0.0064452105
0.0496316119822	0.04447761	0.0063469543
0.0500362538852	0.04359441	0.006250174
0.0504441941267	0.04272541	0.0061548822
0.0508554612153	0.04186832	0.0060610352
0.0512700799715	0.04102509	0.0059686396
0.0516880798233	0.04018897	0.0058776331
0.0521094886007	0.0393651	0.005788032
0.0525343323811	0.0385501	0.0057037209
0.0529626398514	0.03774798	0.0056218324
0.0533944379086	0.03695968	0.0055509255
0.0538297585042	0.03618539	0.0054834744
0.0542686271657	0.03542607	0.0054167941
0.0547110745135	0.03468064	0.0053509824
0.055157126852	0.03394679	0.0052859046
0.0556068182624	0.03322584	0.0052216761
0.0560601760185	0.03251477	0.0051581729
0.0565172277256	0.03181611	0.0050955046
0.0569780091907	0.03112588	0.0050335331
0.0574425437882	0.0304477	0.0049723797
0.0579108684566	0.02977381	0.0049119059
0.0583830100637	0.02911152	0.0048522345
0.0588590013112	0.02844503	0.0047932204
0.0593388726811	0.02778983	0.0047349924
0.0598226551165	0.02714644	0.00470846
0.0603103859077	0.02651498	0.0046831051
0.0608020883198	0.02590617	0.0046618633
0.0612978037459	0.02530883	0.0046405811
0.0617975593104	0.02472842	0.0046195885
0.0623013885702	0.02415892	0.0045985119
0.0628093256701	0.02360403	0.0045777001
0.0633214021334	0.02305975	0.0045568142
0.0638376564835	0.02253068	0.0045361868
0.0643581180955	0.02201287	0.0045152804
0.0648828233898	0.02152035	0.0044922916
0.0654118060449	0.02103593	0.0044657148
0.0659451037596	0.02055264	0.0044100591
0.0664827478664	0.02007672	0.00435515
0.0670247736495	0.01959934	0.004300879
0.0675712206552	0.01913036	0.0042473322
0.0681221217882	0.01866726	0.0041944038
0.0686775179509	0.01821373	0.0041421787
0.0692374354829	0.01777259	0.0040905618
0.0698019242315	0.01734143	0.0040332824
0.0703710115478	0.01692486	0.0039522138
0.0709447409822	0.01650834	0.0038654065
0.0715231447293	0.01607366	0.0037561192
0.072106267819	0.01564024	0.0036494458
0.0726941435832	0.01519431	0.0035462525
0.073286809982	0.01475424	0.0034455662
0.0738843099713	0.01431527	0.0033481127
0.074486682937	0.0138829	0.0032449561
0.0750939643665	0.01345426	0.0031262784
0.0757061993717	0.01301846	0.003004696
0.0763234246674	0.01255898	0.0028745888
0.0769456821699	0.01209156	0.0027491934
0.0775730145519	0.01160161	0.0026300823
0.0782054554077	0.01110836	0.0025157423
0.0788430585612	0.01060285	0.0024075818
0.0794858589477	0.0100959	0.002323171
0.0801339020828	0.00958139	0.0022728941
0.0807872238635	0.00907719	0.0022236739
0.0814458764954	0.00858281	0.0021755442
0.0821098917518	0.00809017	0.0021284362
0.0827793289907	0.00759712	0.0020823668
0.0834542212401	0.00709545	0.0020379983
0.0841346129377	0.00658297	0.0019954036
0.0848205550622	0.00606857	0.0019661776
0.0855120879454	0.00555206	0.0019502792
0.0862092643321	0.00503769	0.0019345071
0.0869121199155	0.00452614	0.0019188611
0.087620702854	0.00400395	0.0019033432
0.0883350684949	0.00347494	0.0018879526
0.089055254339	0.00292838	0.0018726858
0.0897813110331	0.00237177	0.0018575416
0.0905132902245	0.00178615	0.0018442702
0.0912512378866	0.00118523	0.0018322913
0.0919952006375	0.00054268	0.0018241149
0.0927452257678	-0.0001196	0.0018182517
0.0935013683191	-0.0008497	0.0018124377
0.094263677357	-0.0016098	0.0018066091
0.0950322027174	-0.0025	0.0018008336
0.0958069876353	-0.0034442	0.0017950377
0.0965880907461	-0.0046845	0.0017893024
0.0973755643883	-0.0060404	0.0017835422
0.0981694618068	-0.0086336	0.0017778456
0.0989698292894	-0.0116822	0.0017721184
0.0997767216192	-0.021207	0.0071982737
0.100590186429	-0.0112071	0.015041976
0.101410288457	-0.0069673	0.014107569
0.10223707721	-0.0050444	0.013208736
0.10307061135	-0.0047988	0.012477771
0.103910933294	-0.0050135	0.011804042
0.1047581121	-0.0053363	0.012022029
0.105612191657	-0.0056781	0.012445318
0.10647323428	-0.005723	0.01302209
0.107341303614	-0.0057068	0.013617246
0.10821644581	-0.0056326	0.014008499
0.109098726428	-0.0055494	0.014356099
0.109988192992	-0.0054468	0.014772799
0.11088492304	-0.005343	0.015188681
0.111788956012	-0.005179	0.015591012
0.112700361754	-0.0050115	0.015981436
0.113619190958	-0.004982	0.016334545
0.114545515859	-0.0049635	0.01667493
0.115479399716	-0.004755	0.017405401
0.116420885069	-0.0045406	0.018137747
0.117370058669	-0.0038641	0.018714744
0.118326964757	-0.0031897	0.019271507
0.119291670347	-0.0024436	0.019404408
0.120264243766	-0.0017178	0.019529001
0.121244754707	-0.0011608	0.019604807
0.122233250185	-0.0006174	0.019668959
0.123229801614	-9.18000000001e-005	0.01957136
0.124234483158	0.00041307	0.019472859
0.12524735418	0.00079633	0.019364694
0.126268483685	0.00116616	0.019262168
0.127297939318	0.00148646	0.019214335
0.128335787202	0.00180689	0.0191749
0.129382095822	0.0021799	0.019207344
0.130436936172	0.00258423	0.019226709
0.131500374943	0.0032253	0.019183552
0.132572485461	0.00386386	0.019071296
0.133653335223	0.00455431	0.018616473
0.134742998543	0.00513023	0.018117596
0.135841545165	0.00527501	0.017403327
0.136949047399	0.00537041	0.01677888
0.138065580282	0.00529632	0.016443114
0.13919121551	0.00522868	0.016151612
0.140326029045	0.00517913	0.015987741
0.141470093356	0.00515467	0.015814072
0.142623485273	0.0051993	0.015609714
0.143786279637	0.00524427	0.015456632
0.14495855586	0.00529274	0.015426209
0.146140389639	0.00537785	0.015370817
0.147331857844	0.00554591	0.01526204
0.148533040347	0.00567804	0.01512473
0.149744014793	0.0057441	0.0149306
0.150964863713	0.00585291	0.014805786
0.152195665537	0.00603914	0.014801422
0.153436501786	0.006203	0.014589025
0.154687455356	0.00633451	0.014047233
0.155948606645	0.00634555	0.01370464
0.157220041267	0.00618509	0.013643493
0.158501840299	0.00610015	0.013608143
0.159794090145	0.00611243	0.013606454
0.161096876642	0.00620587	0.013626609
0.162410284954	0.00639488	0.013672782
0.163734399455	0.00660217	0.013650459
0.165069310204	0.00682935	0.013555499
0.166415104424	0.00710681	0.013446153
0.167771870744	0.00743282	0.013322915
0.169139699255	0.00777354	0.013110028
0.170518676884	0.0081262	0.012818901
0.171908901372	0.00838612	0.012394415
0.173310457881	0.00857083	0.011865401
0.17472344005	0.00861097	0.011361526
0.176147943131	0.00854592	0.010878628
0.177584061517	0.00842232	0.010502077
0.179031886015	0.00826106	0.01019764
0.180491516629	0.00814155	0.0099771561
0.181963047236	0.0080475	0.0098079973
0.183446573146	0.00798775	0.0096217129
0.184942193929	0.00794652	0.0094277444
0.186450010892	0.00790301	0.0092376401
0.187970118603	0.00785841	0.0090511158
0.189502621649	0.00781336	0.0088646119
0.191047617733	0.00776815	0.0086799878
0.192605211995	0.00772111	0.0084994437
0.194175502359	0.00767344	0.0083224385
0.195758597407	0.00762329	0.0081493379
0.197354598347	0.00757244	0.0079795945
0.198963611099	0.00751905	0.007813633
0.200585743376	0.00746511	0.0076508726
0.202221098155	0.00740747	0.007494832
0.203869786634	0.00734918	0.007342584
0.205531918611	0.00729325	0.0071968769
0.207207598833	0.00723815	0.0070546182
0.208896944101	0.00718421	0.0069153582
0.210600059158	0.00713078	0.0067786455
0.212317061058	0.00707843	0.0066448496
0.214048061645	0.00702653	0.0065134901
0.215793174548	0.0069765	0.0063849271
0.217552515252	0.00692696	0.0062586889
0.219326201181	0.00688205	0.0061349101
0.221114347828	0.00683777	0.0060133353
0.222917068522	0.00679168	0.0058784306
0.224734490465	0.00674568	0.0057448852
0.226566730965	0.00669318	0.0056148623
0.228413904935	0.00664077	0.0054872845
0.230276141733	0.00658309	0.0053631054
0.232153564546	0.00652581	0.0052412417
0.23404628978	0.0064663	0.0051226405
0.235954444387	0.00640731	0.0050062519
0.237878157534	0.0063468	0.0048929538
0.239817556057	0.00628683	0.0047817929
0.241772764179	0.006226	0.0046735676
0.243743917584	0.00616581	0.0045674051
0.245731135056	0.00610619	0.0044640218
0.247734556599	0.00604704	0.0043622266
0.24975431492	0.005987	0.0042594645
0.251790534727	0.00592727	0.0041585606
0.253843363166	0.00586575	0.004059118
0.255912918766	0.00580443	0.0039616891
0.257999353399	0.00574086	0.0038669368
0.260102800397	0.00567775	0.0037741268
0.26222338954	0.00561383	0.00368385
0.264361274864	0.0055504	0.0035954457
0.266516585025	0.00548646	0.0035094334
0.268689467663	0.00542302	0.0034252256
0.270880067228	0.00535925	0.0033432723
0.273088524603	0.00529603	0.0032630601
0.275314988949	0.00523271	0.0031849784
0.277559605858	0.00516995	0.003108576
0.279822523276	0.00510723	0.0030341846
0.282103891596	0.00504508	0.0029614084
0.284403857239	0.00498312	0.0028905268
0.286722575488	0.00492176	0.0028212044
0.289060197637	0.00486069	0.0027536718
0.291416877414	0.0048004	0.0026876386
0.293792771072	0.00474084	0.0026232923
0.296188030425	0.00468186	0.0025600896
0.298602823947	0.0046233	0.0024979653
0.301037301503	0.00456512	0.0024368324
0.303491629832	0.00450708	0.0023765731
0.305965971194	0.0044493	0.0023177397
0.308460482886	0.00439153	0.0022604239
0.310975332317	0.00433419	0.0022044761
0.313510681894	0.00427716	0.0021499517
0.316066704606	0.00422061	0.0020967431
0.318643568409	0.00416447	0.0020448734
0.321241435689	0.00410884	0.0019942712
0.32386048807	0.0040537	0.0019449296
0.326500893506	0.00399909	0.0018968099
0.329162822496	0.00394501	0.0018498768
0.331846448187	0.00389146	0.0018041141
0.334551964544	0.00383847	0.0017594639
0.337279532886	0.00378607	0.0017159423
0.340029344329	0.00373428	0.0016734692
0.342801565285	0.00368307	0.0016320816
0.345596393086	0.00363248	0.0015916797
0.348414009481	0.00358251	0.001552321
0.351254599096	0.00353319	0.0015138879
0.354118339448	0.00348469	0.0014764575
0.357005431073	0.00343694	0.0014398971
0.359916067968	0.00339009	0.0014043016
0.362850426282	0.00334403	0.0013695247
0.365808705887	0.00329913	0.0013342272
0.368791110296	0.00325512	0.0012990459
0.371797835662	0.00321031	0.0012641213
0.374829058691	0.00316555	0.0012296938
0.377885004028	0.00312068	0.0011963144
0.380965866159	0.00307618	0.0011637263
0.384071842438	0.00303182	0.001132143
0.387203145296	0.00298795	0.001101296
0.390359978776	0.00294432	0.0010714146
0.393542537685	0.00290123	0.0010422194
0.396751057496	0.00285844	0.0010139454
0.399985727239	0.00281622	0.00098630968
0.403246777303	0.00277434	0.00095955676
0.406534402752	0.00273304	0.0009333984
0.409848841546	0.0026921	0.0009080839
0.413190295327	0.00265174	0.00088332248
0.416558996235	0.00261177	0.00085937266
0.419955166619	0.00257238	0.00083593671
0.423379018063	0.00253339	0.00081327498
0.426830794434	0.00249498	0.00079109134
0.430310699736	0.00245699	0.00076964886
0.433818985722	0.00241957	0.00074865054
0.437355863146	0.00238258	0.00072836265
0.440921592277	0.00234615	0.00070848734
0.444516375291	0.00231014	0.00068929235
0.448140480872	0.0022747	0.00067048045
0.45179411788	0.00223981	0.00065231752
0.455477547341	0.00220546	0.00063451294
0.459191018612	0.0021716	0.00061729182
0.462934750919	0.00213826	0.00060039604
0.466709018559	0.00210532	0.00058359592
0.470514048173	0.00207288	0.00056714068
0.474350105348	0.00204061	0.00055126874
0.478217442362	0.00200883	0.00053572862
0.482116296888	0.00197737	0.00052073191
0.486046947791	0.00194638	0.00050605513
0.490009640914	0.00191575	0.00049188615
0.49400464519	0.00188558	0.00047802531
0.498032214385	0.00185578	0.00046463826
0.50209262633	0.00182644	0.0004515477
0.506186143401	0.00179747	0.0004389001
0.510313032056	0.00176895	0.00042653763
0.514473562997	0.00174081	0.00041458812
0.518668011349	0.0017131	0.00040291266
0.522896656844	0.00168577	0.00039162193
0.52715978401	0.00165887	0.00038059505
0.53145765959	0.00163235	0.00036992868
0.535790600345	0.00160624	0.00035951523
0.540158835801	0.0015805	0.00034943646
0.544562692176	0.00155517	0.00033960123
0.549002478703	0.00153021	0.0003300792
0.553478436528	0.00150564	0.00032079095
0.557990883569	0.00148144	0.00031179445
0.562540144168	0.00145763	0.00030302235
0.567126471536	0.00143417	0.00029452235
0.571750199857	0.00141113	0.00028623797
0.576411616847	0.00138851	0.00027820756
0.581111041377	0.00136625	0.00027032696
0.585848798181	0.00134434	0.00026258894
0.590625161823	0.00132273	0.00025499274
0.595440466735	0.00130139	0.00024753089
0.60029505388	0.00128033	0.00024027477
0.605189182392	0.00125954	0.00023324171
0.610123232787	0.00123905	0.00022640579
0.615097503224	0.00121885	0.00021977728
0.620112357477	0.00119895	0.00021333771
0.625168072538	0.00117934	0.00020709068
0.630264991403	0.00116003	0.00020102418
0.635403495826	0.001141	0.0001951362
0.640583876858	0.00112226	0.00018942125
0.645806495267	0.00110381	0.00018387181
0.651071684578	0.00108563	0.00017848786
0.656379818062	0.00106774	0.00017325743
0.66173120583	0.00105012	0.00016818532
0.66712623295	0.00103277	0.00016325549
0.672565255999	0.00101568	0.00015847736
0.67804860041	0.00099885	0.00015383124
0.683576670749	0.00098226	0.00014933003
0.689149803814	0.00096593	0.00014495115
0.694768379532	0.00094982	0.00014077345
0.70043274518	0.00093396	0.00013674279
0.706143333085	0.00091839	0.0001328929
0.711900463017	0.0009031	0.00012917002
0.717704498748	0.0008881	0.00012556196
0.723555893788	0.00087335	0.00012204368
0.729454941007	0.00085887	0.00011863552
0.735402151624	0.00084463	0.00011531088
0.741397785387	0.00083064	0.00011209126
0.74744232507	0.00081688	0.00010894898
0.753536174234	0.00080335	0.00010590776
0.759679650236	0.00079006	0.00010293858
0.765873260763	0.00077698	0.00010006553
0.772117334682	0.00076413	9.7259168e-005
0.778412348968	0.0007515	9.4545365e-005
0.784758692399	0.00073909	9.1893746e-005
0.791156758861	0.00072694	8.9314657e-005
0.797606947557	0.000715	8.6790307e-005
0.804109767534	0.00070323	8.4258191e-005
0.81066558142	0.00069165	8.1766256e-005
0.817274862298	0.0006802	7.9365458e-005
0.823938038371	0.00066893	7.7018002e-005
0.830655544539	0.00065782	7.4757088e-005
0.837427766114	0.0006469	7.2545257e-005
0.84425526444	0.00063615	7.0416168e-005
0.85113838214	0.00062557	6.8332291e-005
0.858077640316	0.00061516	6.6327061e-005
0.865073451351	0.00060493	6.4363533e-005
0.872126293567	0.00059485	6.2475436e-005
0.879236654084	0.00058495	6.0625702e-005
0.886405029187	0.00057524	5.8847591e-005
0.893631795878	0.00056569	5.7104474e-005
0.900917463593	0.0005563	5.5378342e-005
0.908262551906	0.00054706	5.368592e-005
0.915667523323	0.00053793	5.2012534e-005
0.923132915653	0.00052895	5.0375074e-005
0.930659138321	0.00052008	4.8804571e-005
0.93824667442	0.00051136	4.7268685e-005
0.945896086624	0.00050276	4.5794618e-005
0.953607950066	0.0004943	4.4353822e-005
0.961382629201	0.00048597	4.2970404e-005
0.96922063888	0.00047777	4.1618891e-005
0.977122579704	0.0004697	4.0320294e-005
0.985088988146	0.00046175	3.9052265e-005
0.99312033073	0.00045394	3.7832872e-005
1.00121715962	0.00044624	3.6642686e-005
1.0093799551	0.00043867	3.5496802e-005
1.01760936982	0.00043122	3.4379256e-005
1.02590581824	0.00042389	3.3304071e-005
1.03426997416	0.00041667	3.2256055e-005
1.04270226578	0.00040957	3.1246966e-005
1.0512033005	0.00040258	3.0263873e-005
1.05977360781	0.0003957	2.9316906e-005
1.06841390862	0.00038893	2.8394832e-005
1.07712456913	0.00038226	2.7506004e-005
1.08590623684	0.00037569	2.6648923e-005
1.09475957365	0.0003692	2.5840139e-005
1.10368496177	0.00036284	2.5063209e-005
1.11268327908	0.00035659	2.4333137e-005
1.12175482337	0.00035045	2.3621987e-005
1.13090039849	0.00034443	2.2932997e-005
1.1401205173	0.00033851	2.2262519e-005
1.14941580325	0.00033269	2.1613189e-005
1.15878689088	0.00032696	2.0981518e-005
1.16823431626	0.00032133	2.036941e-005
1.17775884404	0.00031579	1.9774062e-005
1.18736103121	0.00031034	1.9196705e-005
1.19704144034	0.00030499	1.8635326e-005
1.20680087484	0.00029972	1.8090571e-005
1.21663980141	0.00029453	1.7561029e-005
1.2265589284	0.00028943	1.7046824e-005
1.23655885558	0.00028441	1.6547592e-005
1.24664046583	0.00027947	1.6062987e-005
1.2568041963	0.0002746	1.5592761e-005
1.26705080374	0.00026982	1.5136143e-005
1.27738094334	0.00026511	1.469316e-005
1.2877953069	0.00026048	1.4262723e-005
1.29829458461	0.00025592	1.3844449e-005
1.30887945065	0.00025143	1.3437145e-005
1.31955061755	0.000247	1.3042319e-005
1.33030878186	0.00024265	1.2658268e-005
1.3411546658	0.00023836	1.2286148e-005
1.35208897474	0.00023414	1.1924021e-005
1.36311242523	0.00022998	1.1573483e-005
1.3742257455	0.00022588	1.1232314e-005
1.38542967591	0.00022185	1.0901986e-005
1.39672495374	0.00021787	1.05802e-005
1.40811231244	0.00021395	1.0268587e-005
1.41959251329	0.00021009	9.9648103e-006
1.4311663142	0.00020627	9.6709742e-006
1.4428344857	0.00020252	9.3844847e-006
1.45459776025	0.00019881	9.1077415e-006
1.46645696734	0.00019516	8.8378845e-006
1.47841284713	0.00019154	8.5772946e-006
1.49046620371	0.00018798	8.3230602e-006
1.50261781888	0.00018446	8.0740319e-006
1.51486852376	0.00018099	7.8299996e-006
1.52721910831	0.00017754	7.5941136e-006
1.53967037468	0.00017415	7.3636748e-006
1.55222315716	0.00017077	7.1414229e-006
1.56487828477	0.00016744	6.9242926e-006
1.57763658028	0.00016411	6.7153202e-006
1.59049889992	0.00016083	6.5111195e-006
1.60346609411	0.00015755	6.3146635e-006
1.61653898534	0.00015432	6.1225902e-006
1.62971847238	0.00015105	5.9378444e-006
1.64300540542	0.00014783	5.7571269e-006
1.65640066994	0.00014456	5.5834757e-006
1.66990514405	0.00014134	5.4135237e-006
1.6835197202	0.00013801	5.2502931e-006
1.69724530571	0.00013473	5.0904546e-006
1.71108277616	0.00013127	4.937021e-006
1.72503306824	0.00012788	4.7867064e-006
1.73909708655	0.00012415	4.6398526e-006
1.75327577475	0.00012047	4.495983e-006
1.76757006776	0.00011616	4.3571541e-006
1.78198089037	0.00011184	4.221219e-006
1.79650920786	0.00010591	4.0902105e-006
1.81115597578	9.77e-005	3.9620325e-006
1.82592216544	6.041e-005	3.8390138e-006
1.84080873715	4.92e-005	4.2173615e-005
1.85581666651	7.484e-005	4.1031426e-005
1.87094697322	9.716e-005	3.9913493e-005
1.88620060929	9.999e-005	3.8832304e-005
1.90157862775	0.00010247	3.7774429e-005
1.91708201253	0.00010338	3.6750606e-005
1.93271179247	0.00010414	3.5749316e-005
1.94846901381	0.00010426	3.4780125e-005
1.96435467867	0.00010428	3.3832605e-005
1.98036986722	0.00010397	3.2915163e-005
1.99651564701	0.00010359	3.2020769e-005
2.01279303851	0.00010302	3.1162218e-005
2.02920314332	0.00010241	3.0318271e-005
2.04574704897	0.00010167	2.9484497e-005
2.06242582699	0.0001009	2.8669611e-005
2.07924060056	0.00010003	2.7877857e-005
2.09619244176	9.914e-005	2.7104387e-005
2.11328247467	9.81799999999e-005	2.6352832e-005
2.13051187894	9.722e-005	2.5618892e-005
2.14788174475	9.62e-005	2.490561e-005
2.16539321588	9.518e-005	2.4209417e-005
2.18304745501	9.412e-005	2.3532902e-005
2.20084560543	9.306e-005	2.2872915e-005
2.21878890777	9.198e-005	2.2231527e-005
2.23687846515	9.09e-005	2.1606027e-005
2.25511551801	8.98e-005	2.0997997e-005
2.27350124638	8.87000000001e-005	2.0405478e-005
2.29203689111	8.759e-005	1.9829626e-005
2.31072367195	8.64900000001e-005	1.9268419e-005
2.32956274119	8.538e-005	1.8722478e-005
2.34855544424	8.428e-005	1.8190731e-005
2.36770301831	8.317e-005	1.7673467e-005
2.38700667438	8.207e-005	1.7170171e-005
2.40646768762	8.097e-005	1.6680758e-005
2.426087402	7.988e-005	1.6204531e-005
2.44586704201	7.879e-005	1.5741069e-005
2.46580794709	7.771e-005	1.5290479e-005
2.48591148066	7.664e-005	1.4852026e-005
2.50617887911	7.557e-005	1.4425923e-005
2.5266114979	7.451e-005	1.4011141e-005
2.54721071592	7.346e-005	1.3608223e-005
2.56797788333	7.242e-005	1.3215889e-005
2.58891437223	7.139e-005	1.2834885e-005
2.61002152268	7.037e-005	1.2463714e-005
2.63130075078	6.935e-005	1.2103467e-005
2.65275349736	6.83500000001e-005	1.1752433e-005
2.67438117132	6.735e-005	1.1412194e-005
2.69618514593	6.637e-005	1.1080704e-005
2.71816687422	6.53900000001e-005	1.0759157e-005
2.7403278341	6.443e-005	1.044556e-005
2.76266946781	6.348e-005	1.0141721e-005
2.78519324058	6.25400000001e-005	9.8453836e-006
2.80790064154	6.16e-005	9.5587074e-006
2.83079318469	6.068e-005	9.2791311e-006
2.8538723443	5.977e-005	9.0082995e-006
2.87713968409	5.888e-005	8.7438938e-006
2.90059672794	5.799e-005	8.488102e-006
2.92424502447	5.711e-005	8.2383516e-006
2.94808607793	5.624e-005	7.9970318e-006
2.97212155733	5.539e-005	7.7613675e-006
2.9963530193	5.454e-005	7.5337009e-006
3.02078197125	5.371e-005	7.3112557e-006
3.0454100907	5.289e-005	7.0963871e-006
3.07023901036	5.208e-005	6.8863499e-006
3.09527039039	5.127e-005	6.6836286e-006
3.12050584109	5.048e-005	6.4853948e-006
3.14594699742	4.97e-005	6.2941875e-006
3.17159560115	4.89299999999e-005	6.1071314e-006
3.19745334369	4.817e-005	5.9268223e-006
3.22352186065	4.743e-005	5.750365e-006
3.24980289649	4.669e-005	5.5803441e-006
3.2762982259	4.596e-005	5.4138779e-006
3.30300956709	4.52399999999e-005	5.2535733e-006
3.3299387547	4.454e-005	5.0965482e-006
3.3570873847	4.384e-005	4.9454427e-006
3.38445744019	4.315e-005	4.7973923e-006
3.41205057111	4.247e-005	4.6549258e-006
3.43986863797	4.18e-005	4.5153787e-006
3.46791363122	4.115e-005	4.3810892e-006
3.49618718763	4.05e-005	4.2496069e-006
3.52469126115	3.986e-005	4.1229663e-006
3.55342774078	3.92299999999e-005	3.9990339e-006
3.58239844379	3.861e-005	3.8796926e-006
3.61160542415	3.8e-005	3.7629554e-006
3.64105045627	3.739e-005	3.650476e-006
3.67073555376	3.67999999999e-005	3.540507e-006
3.70066276727	3.621e-005	3.4345306e-006
3.73083384919	3.564e-005	3.3309651e-006
3.76125102643	3.507e-005	3.2310862e-006
3.79191611075	3.451e-005	3.1335243e-006
3.82283128789	3.396e-005	3.0394126e-006
3.85399842856	3.342e-005	2.9475295e-006
3.88541966967	3.289e-005	2.8588803e-006
3.91709718771	3.236e-005	2.7723746e-006
3.949032823	3.184e-005	2.6888832e-006
3.98122894545	3.133e-005	2.6074493e-006
4.01368758761	3.083e-005	2.5288114e-006
4.04641081109	3.034e-005	2.4521433e-006
4.0794007078	2.985e-005	2.3780659e-006
4.11265967406	2.937e-005	2.3058879e-006
4.14618987958	2.89e-005	2.2361417e-006
4.17999324687	2.844e-005	2.1682215e-006
4.21407243228	2.798e-005	2.1025636e-006
4.24842928394	2.753e-005	2.0386482e-006
4.28306640055	2.708e-005	1.9768131e-006
4.31798583897	2.665e-005	1.9166549e-006
4.35318983163	2.622e-005	1.8584461e-006
4.38868095535	2.58e-005	1.8018467e-006
4.42446152665	2.538e-005	1.7470576e-006
4.46053373859	2.497e-005	1.6938126e-006
4.49689997542	2.457e-005	1.6422503e-006
4.53356282713	2.417e-005	1.5921538e-006
4.57052459912	2.378e-005	1.5436053e-006
4.60778762938	2.34e-005	1.4964796e-006
4.64535446381	2.302e-005	1.4508059e-006
4.68322751813	2.265e-005	1.4064824e-006
4.72140942487	2.228e-005	1.3634948e-006
4.75990268422	2.192e-005	1.3218092e-006
4.79870965105	2.156e-005	1.2813711e-006
4.83783308781	2.122e-005	1.2421764e-006
4.87727542916	2.087e-005	1.2041325e-006
4.9170393379	2.053e-005	1.167268e-006
4.95712752412	2.02e-005	1.1314628e-006
4.99754254572	1.987e-005	1.0968043e-006
5.03828699868	1.955e-005	1.0631366e-006
5.07936372673	1.923e-005	1.0305441e-006
5.12077520557	1.892e-005	9.9885289e-007
5.16252437032	1.862e-005	9.6820594e-007
5.20461399652	1.831e-005	9.3840372e-007
5.24704668466	1.802e-005	9.0960674e-007
5.28982529539	1.772e-005	8.8159418e-007
5.33295273996	1.744e-005	8.5452134e-007
5.37643174924	1.715e-005	8.2816256e-007
5.42026533069	1.68699999999e-005	8.0271353e-007
5.46445630775	1.66e-005	7.779285e-007
5.50900754727	1.633e-005	7.5401595e-007
5.55392196126	1.606e-005	7.3071749e-007
5.59920250881	1.58e-005	7.0823636e-007
5.64485219803	1.555e-005	6.8631623e-007
5.69087408806	1.529e-005	6.6519108e-007
5.73727129121	1.505e-005	6.4458746e-007
5.78404670531	1.48e-005	6.2474248e-007
5.83120354244	1.456e-005	6.0537806e-007
5.87874479552	1.432e-005	5.86734e-007
5.92667350129	1.409e-005	5.6853095e-007
5.97499303006	1.386e-005	5.5100263e-007
6.02370681854	1.364e-005	5.3387773e-007
6.07281748019	1.341e-005	5.1741547e-007
6.122328549	1.32e-005	5.0132735e-007
6.17224332519	1.29800000001e-005	4.8586145e-007
6.2225648531	1.277e-005	4.7073748e-007
6.27329685025	1.25600000001e-005	4.5621344e-007
6.3244424704	1.236e-005	4.4200396e-007
6.37600523781	1.216e-005	4.2834142e-007
6.42798807603	1.196e-005	4.1496617e-007
6.4803949497	1.177e-005	4.0215874e-007
6.53322888317	1.157e-005	3.8961585e-007
6.58649362928	1.13899999999e-005	3.7757219e-007
6.64019266092	1.12e-005	3.6577497e-007
6.69432950658	1.102e-005	3.5445918e-007
6.74890775259	1.084e-005	3.4338e-007
6.80393104552	1.06600000001e-005	3.3274938e-007
6.85940271521	1.049e-005	3.223466e-007
6.91532690342	1.032e-005	3.1235968e-007
6.97170666851	1.015e-005	3.0259139e-007
7.0285462837	9.99000000002e-006	2.9320668e-007
7.08584931088	9.82000000005e-006	2.8403271e-007
7.1436197732	9.66000000002e-006	2.752152e-007
7.20186093577	9.51000000005e-006	2.6660017e-007
7.26057694121	9.35000000002e-006	2.5831791e-007
7.31977158392	9.20000000004e-006	2.5022961e-007
7.37944915668	9.04999999995e-006	2.4244776e-007
7.43961314972	8.89999999998e-006	2.3485257e-007
7.50026754261	8.76000000005e-006	2.2754317e-007
7.56141638173	8.62000000001e-006	2.2041303e-007
7.62306425171	8.47999999998e-006	2.1354789e-007
7.68521393477	8.34000000005e-006	2.0685467e-007
7.74787110087	8.20000000001e-006	2.0040643e-007
7.81103863944	8.07000000003e-006	1.9412268e-007
7.87472142649	7.94000000004e-006	1.8806475e-007
7.93892292931	7.81000000005e-006	1.8216511e-007
8.00364818653	7.67999999995e-006	1.764764e-007
8.0689013102	7.56000000002e-006	1.7093895e-007
8.1346864724	7.43999999997e-006	1.6559541e-007
8.20100736523	7.32000000003e-006	1.6039702e-007
8.26786936446	7.19999999998e-006	1.5537964e-007
8.33527686424	7.08000000005e-006	1.5050139e-007
8.40323319108	6.96e-006	1.4579049e-007
8.47174398688	6.85e-006	1.4121184e-007
8.54081327997	6.74000000001e-006	1.3678624e-007
8.61044573884	6.63000000001e-006	1.3248796e-007
8.6806461151	6.52000000001e-006	1.2833246e-007
8.7514186291	6.41999999995e-006	1.2429915e-007
8.82276817874	6.32e-006	1.2039795e-007
8.89469911661	6.21000000001e-006	1.1661311e-007
8.96721649875	6.10999999995e-006	1.1295e-007
9.04032548088	6.01e-006	1.0939817e-007
9.11403065249	5.91999999999e-006	1.0595885e-007
9.18833666724	5.82000000005e-006	1.0262562e-007
9.26324824564	5.73000000004e-006	9.9395911e-008
9.33877017782	5.64000000003e-006	9.6268305e-008
9.41490875634	5.55000000002e-006	9.3237004e-008
9.49166753624	5.46000000001e-006	9.0302302e-008
9.56905227405	5.38000000005e-006	8.7455757e-008
9.64706735533	5.29999999999e-006	8.4702177e-008
9.72571872889	5.22000000003e-006	8.2030438e-008
9.80501170702	5.13000000002e-006	7.9446998e-008
9.88495090772	5.04000000001e-006	7.693868e-008
9.96554259719	4.95e-006	7.4514822e-008
10.0467907521	4.86e-006	7.2160278e-008
10.1287010035	4.78000000004e-006	6.9886444e-008
10.21127909	4.69999999997e-006	6.7676657e-008
10.2945308623	4.62000000001e-006	6.5543494e-008
10.3784614195	4.54999999999e-006	6.3469063e-008
10.4630759249	4.47000000003e-006	6.1468107e-008
10.5483805071	4.40000000002e-006	5.9521355e-008
10.6343805113	4.31999999995e-006	5.7644213e-008
10.7210813574	4.25000000004e-006	5.5816775e-008
10.8084894853	4.18000000002e-006	5.4055963e-008
10.8966095619	4.11e-006	5.2340922e-008
10.9854482241	4.05000000003e-006	5.0689416e-008
11.0750122604	3.98000000001e-006	4.9079963e-008
11.1653056005	3.91e-006	4.75306e-008
11.2563352067	3.85000000003e-006	4.6019792e-008
11.348107169	3.78999999995e-006	4.4566615e-008
11.4406266267	3.72999999998e-006	4.3148947e-008
11.5339009052	3.65999999996e-006	4.1786256e-008
11.6279364221	3.59999999999e-006	4.0456062e-008
11.7227374965	3.54999999996e-006	3.917806e-008
11.8183118059	3.48999999999e-006	3.7929778e-008
11.9146649363	3.43000000003e-006	3.6731064e-008
12.0118048585	3.36999999995e-006	3.55596e-008
12.1097350236	3.32000000003e-006	3.4435744e-008
12.2084648048	3.27e-006	3.3336866e-008
12.3079989882	3.21000000003e-006	3.2282637e-008
12.408345458	3.16e-006	3.1251229e-008
12.5095095177	3.10999999997e-006	3.0262843e-008
12.6114982889	3.06000000005e-006	2.9295331e-008
12.7143186435	3.01000000003e-006	2.8368475e-008
12.8179773093	2.96e-006	2.7460724e-008
12.9224809884	2.90999999997e-006	2.6591702e-008
13.027836761	2.86000000005e-006	2.5740662e-008
13.1340514171	2.81999999996e-006	2.4925062e-008
13.2411321341	2.77000000004e-006	2.4126809e-008
13.3490857857	2.72999999995e-006	2.3361923e-008
13.4579194966	2.68000000003e-006	2.2613681e-008
13.5676406583	2.64000000005e-006	2.1896031e-008
13.6782563429	2.59999999996e-006	2.1194423e-008
13.789773885	2.55000000005e-006	2.0521328e-008
13.9022005867	2.50999999996e-006	1.9863585e-008
14.015543869	2.46999999998e-006	1.9231991e-008
14.1298111149	2.43e-006	1.8615209e-008
14.2450101532	2.39000000002e-006	1.8022946e-008
14.3611482914	2.35000000004e-006	1.7444846e-008
14.4782334509	2.30999999995e-006	1.6889166e-008
14.5962730104	2.28000000002e-006	1.6347142e-008
14.7152749777	2.24000000004e-006	1.5826136e-008
14.8352473271	2.19999999995e-006	1.5318137e-008
14.9561976303	2.17000000002e-006	1.4829338e-008
15.0781341175	2.13000000004e-006	1.4353056e-008
15.2010646091	2.1e-006	1.3894634e-008
15.3249974231	2.06000000003e-006	1.3448199e-008
15.4499406408	2.02999999999e-006	1.3018236e-008
15.5759024733	1.99999999995e-006	1.2599752e-008
15.702891266	1.97000000002e-006	1.2196521e-008
15.8309155051	1.93000000004e-006	1.1804292e-008
15.9599834118	1.9e-006	1.1426166e-008
16.0901035416	1.86999999996e-006	1.1058589e-008
16.2212845941	1.84000000003e-006	1.0704027e-008
16.3535352035	1.80999999999e-006	1.0359524e-008
16.4868641462	1.77999999995e-006	1.0026986e-008
16.621279901	1.75000000002e-006	9.7040825e-009
16.756791525	1.71999999998e-006	9.392278e-009
16.893408005	1.69999999999e-006	9.0896738e-009
17.0311384791	1.66999999995e-006	8.7972938e-009
17.1699915302	1.64000000002e-006	8.5136988e-009
17.3099768253	1.62000000004e-006	8.2395481e-009
17.4511034804	1.59e-006	7.9738223e-009
17.5933805069	1.55999999996e-006	7.7168261e-009
17.7368178126	1.53999999997e-006	7.4678225e-009
17.881424206	1.51000000004e-006	7.2268114e-009
18.0272099199	1.49000000005e-006	6.993474e-009
18.1741837933	1.46999999995e-006	6.7675379e-009
18.3223563975	1.44000000002e-006	6.5489254e-009
18.4717365967	1.42000000003e-006	6.3371225e-009
18.622335035	1.40000000004e-006	6.1322729e-009
18.7741611514	1.37e-006	5.9336799e-009
18.9272250943	1.35000000001e-006	5.7417577e-009
19.0815368939	1.33000000002e-006	5.5556087e-009
19.2371067435	1.31000000003e-006	5.3757948e-009
19.3939450064	1.29000000004e-006	5.2012936e-009
19.5520619146	1.27000000005e-006	5.0328512e-009
19.7114681777	1.24000000001e-006	4.8693004e-009
19.8721737411	1.22000000002e-006	4.7114522e-009
20.0341896584	1.20000000003e-006	4.558062e-009
20.1975265312	1.18999999998e-006	4.4102598e-009
20.3621947982	1.16999999999e-006	4.266621e-009
20.5282060747	1.15000000001e-006	4.1282591e-009
20.6955704785	1.13000000002e-006	3.9936945e-009
20.8642993075	1.11000000003e-006	3.864168e-009
21.0344040599	1.09000000004e-006	3.7381313e-009
21.2058953552	1.07000000005e-006	3.6168797e-009
21.3787850649	1.06e-006	3.4988211e-009
21.5530841615	1.04000000001e-006	3.3853233e-009
21.7288045396	1.02000000002e-006	3.2747468e-009
21.9059571499	1.00999999997e-006	3.1684925e-009
22.0845542733	9.89999999979e-007	3.064914e-009
22.2646076245	9.69999999989e-007	2.9654525e-009
22.4461287027	9.6000000005e-007	2.8684371e-009
22.6291300056	9.39999999949e-007	2.7753365e-009
22.8136230046	9.3000000001e-007	2.6844722e-009
22.9996201853	9.10000000021e-007	2.5973285e-009
23.1871342563	8.9999999997e-007	2.5122287e-009
23.3761763955	8.79999999981e-007	2.4306705e-009
23.5667601474	8.70000000042e-007	2.3509788e-009
23.7588979689	8.59999999991e-007	2.2746342e-009
23.952601592	8.40000000002e-007	2.1999903e-009
24.1478847783	8.29999999952e-007	2.1285394e-009
24.344760133	8.09999999962e-007	2.058639e-009
24.5432409423	8.00000000023e-007	1.9917709e-009
24.7433397398	7.89999999973e-007	1.9263128e-009
24.9450697412	7.80000000034e-007	1.8637335e-009
25.1484443827	7.60000000044e-007	1.8024541e-009
25.3534773302	7.49999999994e-007	1.7438701e-009
25.5601814348	7.40000000055e-007	1.6865167e-009
25.7685713343	7.30000000004e-007	1.6316568e-009
25.9786597819	7.19999999954e-007	1.5779821e-009
26.1904613529	6.99999999965e-007	1.5266074e-009
26.4039897753	6.90000000025e-007	1.4763736e-009
26.6192589931	6.79999999975e-007	1.4282767e-009
26.8362831743	6.70000000036e-007	1.3812739e-009
27.055076721	6.59999999986e-007	1.3362394e-009
27.2756542786	6.50000000046e-007	1.2922577e-009
27.4980301359	6.39999999996e-007	1.250092e-009
27.7222188061	6.29999999946e-007	1.2089357e-009
27.9482350356	6.20000000007e-007	1.1694546e-009
28.1760944542	6.09999999956e-007	1.1309418e-009
28.4058116852	6.00000000017e-007	1.0939818e-009
28.6374015737	5.89999999967e-007	1.0579496e-009
28.870879196	5.80000000028e-007	1.0233469e-009
29.1062605529	5.69999999978e-007	9.8963189e-010
29.3435612456	5.60000000038e-007	9.5723489e-010
29.5827964323	5.49999999988e-007	9.2568993e-010
29.8239822151	5.40000000049e-007	8.9536391e-010
30.0671342505	5.29999999999e-007	8.6734561e-010
30.312268442	5.29999999999e-007	8.4429647e-010
30.5594017042	5.19999999948e-007	8.1840029e-010
30.8085497378	5.10000000009e-007	7.9124284e-010
31.0597284741	4.99999999959e-007	7.6516992e-010
31.312955666	4.9000000002e-007	7.3982851e-010
31.5682470082	4.79999999969e-007	7.1536787e-010
31.82562004	4.79999999969e-007	6.9171937e-010
32.0850909656	4.7000000003e-007	6.6888093e-010
32.3466779077	4.5999999998e-007	6.4670607e-010
32.6103976246	4.50000000041e-007	6.2530808e-010
32.8762662553	4.50000000041e-007	6.0468956e-010
33.1443036897	4.3999999999e-007	5.8468202e-010
33.4145257617	4.30000000051e-007	5.6526357e-010
33.6869512217	4.30000000051e-007	5.4658499e-010
33.9615982474	4.20000000001e-007	5.2846545e-010
34.2384834368	4.09999999951e-007	5.1098294e-010
34.5176264713	4.00000000012e-007	4.9401781e-010
34.7990454766	4.00000000012e-007	4.7768865e-010
35.0827588642	3.89999999961e-007	4.6186272e-010
35.3687853438	3.89999999961e-007	4.4651793e-010
35.6571429097	3.80000000022e-007	4.316903e-010
35.9478529392	3.69999999972e-007	4.1736797e-010
36.2409319842	3.69999999972e-007	4.0355198e-010
36.5364010472	3.60000000033e-007	3.9012077e-010
36.83427828	3.60000000033e-007	3.7721021e-010
37.1345842938	3.49999999982e-007	3.6468455e-010
37.4373389595	3.40000000043e-007	3.5256249e-010
37.7425624807	3.40000000043e-007	3.4088956e-010
38.0502742394	3.29999999993e-007	3.2954092e-010
38.3604939017	3.29999999993e-007	3.1860536e-010
38.6732438423	3.20000000054e-007	3.0801635e-010
38.9885432238	3.20000000054e-007	2.9774117e-010
39.3064126995	3.10000000003e-007	2.8787667e-010
39.6268745257	3.10000000003e-007	2.7829842e-010
39.9499475298	2.99999999953e-007	2.6903247e-010
40.2756559713	2.99999999953e-007	2.6007694e-010
40.6040193394	2.90000000014e-007	2.5141338e-010
40.9350600502	2.90000000014e-007	2.4302752e-010
41.2687995559	2.79999999964e-007	2.349378e-010
41.6052596458	2.79999999964e-007	2.2710554e-010
41.9444638788	2.70000000024e-007	2.1953216e-010
42.286433388	2.70000000024e-007	2.1221234e-010
42.6311910604	2.70000000024e-007	2.051871e-010
42.9787586897	2.59999999974e-007	1.9831037e-010
43.329159899	2.59999999974e-007	1.9175178e-010
43.682418739	2.50000000035e-007	1.8533718e-010
44.0385565768	2.50000000035e-007	1.7917004e-010
44.397599808	2.39999999985e-007	1.7318564e-010
44.7595689464	2.39999999985e-007	1.6743358e-010
45.1244896152	2.39999999985e-007	1.6184158e-010
45.4923846122	2.30000000045e-007	1.5643653e-010
45.8632787472	2.30000000045e-007	1.5120727e-010
46.2371989939	2.30000000045e-007	1.4615357e-010
46.6141658863	2.19999999995e-007	1.4126843e-010
46.9942072191	2.19999999995e-007	1.3654185e-010
47.377345963	2.09999999945e-007	1.3199088e-010
47.7636090457	2.09999999945e-007	1.2758602e-010
48.1530201844	2.09999999945e-007	1.2332352e-010
48.545607204	2.00000000006e-007	1.1919943e-010
48.9413946339	2.00000000006e-007	1.1522002e-010
49.3404093057	2.00000000006e-007	1.1137688e-010
49.7426765363	1.89999999956e-007	1.0765883e-010
50.1482240418	1.89999999956e-007	1.0405934e-010
50.557077995	1.89999999956e-007	1.0057307e-010
50.9692649741	1.89999999956e-007	9.72057e-011
51.3848119792	1.80000000016e-007	9.3956287e-011
51.8037486142	1.80000000016e-007	9.0813815e-011
52.2260984825	1.80000000016e-007	8.7774812e-011
52.6518943237	1.69999999966e-007	8.4836391e-011
53.0811582995	1.69999999966e-007	8.1995396e-011
53.5139241953	1.69999999966e-007	7.9248754e-011
53.9502195867	1.69999999966e-007	7.6598101e-011
54.3900700701	1.60000000027e-007	7.4034717e-011
54.8335063595	1.60000000027e-007	7.1551114e-011
55.2805597649	1.60000000027e-007	6.9026255e-011
55.7312547017	1.60000000027e-007	6.6719228e-011
56.1856284703	1.49999999977e-007	6.4487582e-011
56.6437038385	1.49999999977e-007	6.2325475e-011
57.1055141136	1.49999999977e-007	6.0237475e-011
57.5710906383	1.49999999977e-007	5.821036e-011
58.0404598838	1.40000000037e-007	5.6258302e-011
58.513659598	1.40000000037e-007	5.437155e-011
58.9907144581	1.40000000037e-007	5.256186e-011
59.471660636	1.40000000037e-007	5.0789029e-011
59.95652934	1.29999999987e-007	4.9082912e-011
60.4453463738	1.29999999987e-007	4.7441796e-011
60.9381526411	1.29999999987e-007	4.5844954e-011
61.4349749342	1.29999999987e-007	4.4303912e-011
61.9358494868	1.29999999987e-007	4.282077e-011
62.4408070165	1.20000000048e-007	4.1379639e-011
62.9498786344	1.20000000048e-007	3.9988382e-011
63.4631056074	1.20000000048e-007	3.8652798e-011
63.9805137587	1.20000000048e-007	3.734732e-011
64.5021390071	1.20000000048e-007	3.6100224e-011
65.0280179599	1.09999999998e-007	3.4881199e-011
65.5581879417	1.09999999998e-007	3.3714507e-011
66.0926764538	1.09999999998e-007	3.2580897e-011
66.6315218262	1.09999999998e-007	3.1486912e-011
67.1747631816	1.09999999998e-007	3.0427835e-011
67.7224330696	1.09999999998e-007	2.9406273e-011
68.2745681749	9.99999999474e-008	2.842101e-011
68.8312019978	9.99999999474e-008	2.7465482e-011
69.3923762193	9.99999999474e-008	2.6544934e-011
69.9581255646	9.99999999474e-008	2.564981e-011
70.5284892317	9.99999999474e-008	2.4790931e-011
71.1034990056	9.99999999474e-008	2.3954437e-011
71.6831993441	9.00000000081e-008	2.3150833e-011
72.2676273439	9.00000000081e-008	2.2371068e-011
72.8568163757	9.00000000081e-008	2.1617159e-011
73.4508131635	9.00000000081e-008	2.089006e-011
74.0496479058	9.00000000081e-008	2.0188197e-011
74.6533688371	9.00000000081e-008	1.9509898e-011
75.2620117212	9.00000000081e-008	1.8852957e-011
75.8756173538	7.99999999579e-008	1.8218617e-011
76.4942225206	7.99999999579e-008	1.7608646e-011
77.1178740298	7.99999999579e-008	1.7013427e-011
77.7466051391	7.99999999579e-008	1.6446371e-011
78.3804690892	7.99999999579e-008	1.5890793e-011
79.0194954059	7.99999999579e-008	1.5354858e-011
79.6637339686	7.99999999579e-008	1.4838519e-011
80.3132254661	7.00000000187e-008	1.4341252e-011
80.9680111702	7.00000000187e-008	1.3859699e-011
81.6281329602	7.00000000187e-008	1.3390683e-011
82.2936388106	7.00000000187e-008	1.2942665e-011
82.9645721603	7.00000000187e-008	1.2503752e-011
83.6409771436	7.00000000187e-008	1.2084036e-011
84.3228928833	7.00000000187e-008	1.1677256e-011
85.0103705384	7.00000000187e-008	1.1283103e-011
85.7034505766	7.00000000187e-008	1.0906233e-011
86.4021799163	5.99999999684e-008	1.0537031e-011
87.1066124373	5.99999999684e-008	1.0184318e-011
87.8167846364	5.99999999684e-008	9.8401942e-012
88.5327457619	5.99999999684e-008	9.5090412e-012
89.2545395775	5.99999999684e-008	9.18875e-012
89.9822234667	5.99999999684e-008	8.8788071e-012
90.7158429754	5.99999999684e-008	8.5819229e-012
91.4554375303	5.99999999684e-008	8.2912375e-012
92.20106734	5.99999999684e-008	8.0137516e-012
92.9527732735	5.99999999684e-008	7.7423847e-012
93.7106106292	5.00000000292e-008	7.4821575e-012
94.474621509	5.00000000292e-008	7.230385e-012
95.2448629578	5.00000000292e-008	6.9870917e-012
96.0213858632	5.00000000292e-008	6.7523669e-012
96.8042419591	5.00000000292e-008	6.5246936e-012
97.5934761776	5.00000000292e-008	6.3052263e-012
98.3891494814	5.00000000292e-008	6.0924737e-012
99.1913004797	5.00000000292e-008	5.8869953e-012
100.0	5.00000000292e-008	5.6886657e-012
100.17	4.80236e-008	5.59631e-012
102.13	4.61974e-008	5.15275e-012
104.13	4.44393e-008	4.7442e-012
106.16	4.27555e-008	4.36859e-012
108.24	4.11276e-008	4.0218e-012
110.35	3.95694e-008	3.70315e-012
112.51	3.80642e-008	3.40886e-012
114.71	3.66178e-008	3.13827e-012
116.96	3.52222e-008	2.88851e-012
119.24	3.38877e-008	2.65919e-012
121.57	3.26009e-008	2.44753e-012
123.95	3.13607e-008	2.25266e-012
126.37	3.01708e-008	2.07345e-012
128.84	2.90248e-008	1.90829e-012
131.36	2.79217e-008	1.75617e-012
133.93	2.68601e-008	1.61609e-012
136.55	2.58391e-008	1.48713e-012
139.22	2.48573e-008	1.36842e-012
141.94	2.39136e-008	1.25919e-012
144.72	2.30035e-008	1.1585e-012
147.55	2.21294e-008	1.0659e-012
150.43	2.12901e-008	9.80713e-013
153.37	2.04815e-008	9.02269e-013
156.37	1.97031e-008	8.30032e-013
159.43	1.89539e-008	7.63528e-013
162.55	1.82332e-008	7.02326e-013
165.73	1.75401e-008	6.46012e-013
168.97	1.68738e-008	5.94211e-013
172.27	1.62334e-008	5.46559e-013
175.64	1.56164e-008	5.02675e-013
179.07	1.50238e-008	4.62324e-013
182.57	1.44532e-008	4.25185e-013
186.14	1.39041e-008	3.91009e-013
189.78	1.33758e-008	3.59562e-013
193.49	1.28677e-008	3.30633e-013
197.28	1.2378e-008	3.03998e-013
201.13	1.19086e-008	2.79537e-013
205.07	1.14554e-008	2.56998e-013
209.08	1.10201e-008	2.36283e-013
213.17	1.06013e-008	2.17222e-013
217.33	1.01993e-008	1.99709e-013
221.58	9.81174e-009	1.83591e-013
225.91	9.4392e-009	1.68772e-013
230.33	9.08037e-009	1.55131e-013
234.84	8.73493e-009	1.42584e-013
239.43	8.40321e-009	1.31059e-013
244.11	8.08407e-009	1.20458e-013
248.88	7.77714e-009	1.10714e-013
253.75	7.48147e-009	1.01744e-013
258.71	7.19733e-009	9.35057e-014
263.77	6.92383e-009	8.59277e-014
268.93	6.66067e-009	7.89615e-014
274.18	6.40802e-009	7.25623e-014
279.54	6.16462e-009	6.66723e-014
285.01	5.93026e-009	6.12586e-014
290.58	5.70508e-009	5.62852e-014
296.26	5.4884e-009	5.17146e-014
302.06	5.27965e-009	4.7509e-014
307.96	5.07928e-009	4.36469e-014
313.98	4.88637e-009	4.0099e-014
320.12	4.70071e-009	3.68345e-014
326.38	4.52211e-009	3.38378e-014
332.76	4.35037e-009	3.1081e-014
339.27	4.18501e-009	2.8548e-014
345.9	4.02611e-009	2.62219e-014
352.67	3.87302e-009	2.40831e-014
359.56	3.726e-009	2.21192e-014
366.59	3.58446e-009	2.03143e-014
373.76	3.44825e-009	1.86558e-014
381.07	3.31722e-009	1.71321e-014
388.52	3.19122e-009	1.57325e-014
396.12	3.06994e-009	1.44464e-014
403.86	2.95339e-009	1.32658e-014
411.76	2.84115e-009	1.21804e-014
419.81	2.73323e-009	1.1184e-014
428.02	2.62938e-009	1.02684e-014
436.39	2.52948e-009	9.42752e-015
444.92	2.43342e-009	8.65556e-015
453.62	2.34097e-009	7.94626e-015
462.49	2.25204e-009	7.29495e-015
471.53	2.16651e-009	6.69678e-015
480.75	2.08421e-009	6.14745e-015
490.15	2.00503e-009	5.64295e-015
499.73	1.92889e-009	5.17986e-015
509.5	1.85563e-009	4.75463e-015
519.47	1.78508e-009	4.3639e-015
529.62	1.71731e-009	4.00545e-015
539.98	1.65205e-009	3.67615e-015
550.54	1.58928e-009	3.37386e-015
561.3	1.52893e-009	3.09641e-015
572.28	1.47082e-009	2.84159e-015
583.47	1.41495e-009	2.60768e-015
594.87	1.36123e-009	2.39306e-015
606.51	1.30949e-009	2.196e-015
618.36	1.25978e-009	2.01508e-015
630.45	1.21192e-009	1.84911e-015
642.78	1.16587e-009	1.69665e-015
655.35	1.12158e-009	1.55672e-015
668.16	1.07898e-009	1.42832e-015