0.000125	-11.24	54.7
0.000130000041942	-10.51	53.1
0.000135000054444	-9.84	51.6
0.000140000067753	-9.21	50.2
0.000144999912284	-8.582	48.8
0.000150000060494	-8.016	47.6
0.000154999993749	-7.5	46.4
0.00016	-7.06	45.2
0.000164999986691	-6.655	44.1
0.000170000027424	-6.282	43.0
0.000175000035288	-5.937	42.0
0.000179999941926	-5.598	41.0
0.000185000044765	-5.27	40.1
0.00019000009195	-4.966	39.1
0.000194999960679	-4.684	38.3
0.0002	-4.423	37.5
0.000209999983062	-3.971	35.9
0.000220000177448	-3.611	34.3
0.000230000204065	-3.292	32.9
0.000240000154864	-3.007	31.7
0.00025	-2.748	30.5
0.000260000083885	-2.507	29.3
0.000270000108889	-2.289	28.2
0.000279999819326	-2.091	27.2
0.000290000163736	-1.912	26.3
0.000299999758026	-1.749	25.4
0.000310000375061	-1.6	24.6
0.000319999587031	-1.471	23.9
0.000329999973383	-1.352	23.1
0.000340000054848	-1.242	22.5
0.000349999576545	-1.141	21.9
0.000359999883852	-1.046	21.3
0.000370000089531	-0.958	20.7
0.000380000183901	-0.876	20.2
0.000390000534764	-0.8	19.7
0.0004	-0.728	19.2
0.00042000067753	-0.598	18.3
0.000439999574125	-0.482	17.5
0.000459999554767	-0.379	16.8
0.000479999380546	-0.287	16.1
0.0005	-0.205	15.5
0.000520000167769	-0.13	14.9
0.000539999041783	-0.063	14.4
0.000559999638652	-0.002	13.9
0.000579998970804	0.053	13.4
0.0006000009679	0.024	15.1
0.0006000009679	0.104	13.0
0.000619999199872	0.15	12.6
0.000639999174061	0.193	12.2
0.000660001703505	0.233	11.9
0.000679998244883	0.27	11.5
0.000700001129216	0.274	12.9
0.000700001129216	0.304	11.2
0.000720001858369	0.335	10.9
0.000739997970646	0.364	10.6
0.000759998038398	0.391	10.3
0.000779998615908	0.417	10.1
0.0008	0.45	11.5
0.0008	0.441	9.81
0.000820000661398	0.463	9.58
0.000840001355059	0.485	9.36
0.000859998751413	0.507	9.15
0.00088000227134	0.527	8.96
0.000899997096315	0.542	9.72
0.000899997096315	0.546	8.77
0.000919999109535	0.564	8.59
0.000939997270535	0.581	8.42
0.000959998761092	0.597	8.25
0.000980001580903	0.611	8.09
0.001	0.628	8.77
0.00110000088724	0.688	7.93
0.00119999612842	0.728	7.07
0.00130000041942	0.764	6.47
0.00140000067753	0.79	5.88
0.00150000060494	0.812	5.39
0.0016	0.826	4.86
0.00170000027424	0.836	4.35
0.00179999941926	0.84	3.8
0.0019000009195	0.834	3.15
0.00220000177448	0.694	2.88
0.00229999777384	0.598	2.54
0.00240000154864	0.392	2.12
0.0025	0.084	1.84
0.00260000083885	-0.242	1.796
0.00270000108889	-0.426	1.846
0.00279999819326	-0.562	1.904
0.00290000163736	-0.616	1.94
0.00299999758026	-0.636	1.958
0.00310000375061	-0.658	1.956
0.00319999587031	-0.674	1.936
0.00329999973383	-0.696	1.906
0.00340000054848	-0.716	1.862
0.00349999576545	-0.74	1.848
0.00359999883852	-0.766	1.846
0.00370000089531	-0.798	1.86
0.00380000183901	-0.824	1.878
0.00390000534764	-0.84	1.904
0.004	-0.83	1.916
0.00410000330699	-0.812	1.92
0.0042000067753	-0.776	1.918
0.00429999375707	-0.742	1.9
0.00439999574125	-0.69	1.882
0.00450000181481	-0.648	1.852
0.00459999554767	-0.598	1.822
0.00470000417003	-0.546	1.784
0.00479999380546	-0.504	1.748
0.00490000790451	-0.49	1.698
0.005	-0.484	1.636
0.00510000082271	-0.478	1.59
0.00520000167769	-0.47	1.55
0.00529998931281	-0.462	1.51
0.00539999041783	-0.454	1.478
0.0055000044362	-0.452	1.442
0.00559999638652	-0.442	1.418
0.00569999402324	-0.438	1.388
0.00579998970804	-0.432	1.364
0.00589998857883	-0.43	1.334
0.006000009679	-0.422	1.306
0.006199	-0.427	1.215
0.00635801392835	-0.424	1.17
0.00652598445091	-0.427	1.135
0.00670198389102	-0.442	1.107
0.00688800737802	-0.47	1.085
0.00708501677248	-0.5	1.07
0.00729298407638	-0.519	1.07
0.00751398493324	-0.512	1.093
0.007748992156	-0.483	1.106
0.00799901931688	-0.45	1.108
0.0082659946129	-0.419	1.102
0.00855099352365	-0.386	1.089
0.00885603057252	-0.36	1.072
0.00892000201452	-0.355	1.067
0.00898399286962	-0.35	1.063
0.00905003138824	-0.345	1.058
0.00911698091008	-0.338	1.053
0.00918397582151	-0.333	1.05
0.00925299838046	-0.328	1.045
0.00932201478229	-0.323	1.038
0.00939299351476	-0.318	1.032
0.00946498915931	-0.313	1.027
0.00953699643843	-0.308	1.02
0.00961100172096	-0.304	1.017
0.00968601317198	-0.3	1.012
0.00976297346248	-0.295	1.005
0.00983999492047	-0.29	1.0
0.00991903481823	-0.285	0.994
0.01	-0.28	0.987
0.0100800026017	-0.275	0.982
0.0101599632871	-0.27	0.975
0.0102500082675	-0.265	0.967
0.0103300310784	-0.26	0.962
0.010419975963	-0.255	0.955
0.0105099860975	-0.25	0.95
0.0106000239394	-0.247	0.942
0.0106899584404	-0.242	0.935
0.010780025911	-0.237	0.932
0.0108800196574	-0.232	0.927
0.0109700310573	-0.228	0.922
0.0110700382157	-0.225	0.914
0.0111699731517	-0.223	0.907
0.0112699870011	-0.222	0.9
0.0113700351244	-0.22	0.893
0.0114799485171	-0.218	0.885
0.0115899487716	-0.218	0.878
0.0116999792386	-0.217	0.87
0.0118099810438	-0.217	0.865
0.0119200076916	-0.215	0.86
0.0120400493333	-0.213	0.853
0.0121600282472	-0.21	0.848
0.0122799893028	-0.207	0.842
0.0123999963994	-0.2	0.836
0.0125199948296	-0.19	0.831
0.0126500006632	-0.18	0.826
0.0127799940213	-0.17	0.823
0.0129199935806	-0.159	0.819
0.0130500043156	-0.146	0.815
0.013189993138	-0.133	0.812
0.0133299931296	-0.121	0.809
0.0134799990867	-0.11	0.806
0.013620000022	-0.1	0.801
0.0137799957764	-0.09	0.798
0.0139299927418	-0.08	0.793
0.0140899973293	-0.07	0.789
0.0142500014367	-0.061	0.784
0.0144200014422	-0.053	0.78
0.0145900018829	-0.048	0.775
0.014759998238	-0.041	0.77
0.0149399953968	-0.037	0.765
0.0151199916095	-0.033	0.759
0.0153100097926	-0.03	0.752
0.0154999993749	-0.029	0.745
0.0156899966464	-0.028	0.739
0.0159000087208	-0.028	0.73
0.0161000023375	-0.029	0.72
0.0163100031968	-0.03	0.713
0.0165300054664	-0.033	0.704
0.0167500023643	-0.038	0.697
0.0169800028213	-0.042	0.69
0.0172199945276	-0.05	0.685
0.0174600045065	-0.06	0.68
0.0177099864725	-0.075	0.678
0.0179699910715	-0.088	0.68
0.0182299937655	-0.107	0.687
0.018510002986	-0.125	0.694
0.0187900015004	-0.14	0.7
0.0190700028148	-0.155	0.71
0.0193699985314	-0.157	0.73
0.0196799898409	-0.153	0.75
0.02	-0.146	0.77
0.0203299892758	-0.134	0.795
0.0206599933011	-0.113	0.813
0.0210099983054	-0.085	0.83
0.0213799906189	-0.055	0.842
0.0217499995614	-0.022	0.85
0.0221399973571	0.015	0.848
0.0225400149806	0.05	0.84
0.0229599820735	0.085	0.825
0.0233899814359	0.11	0.795
0.0238400153831	0.128	0.74
0.0243099945882	0.14	0.695
0.0248000176029	0.15	0.645
0.0252999755122	0.154	0.6
0.0258299738533	0.154	0.565
0.0260000083885	0.104	0.679
0.0263800143411	0.145	0.548
0.0270000108889	0.105	0.635
0.0279999819326	0.099	0.607
0.0290000163736	0.095	0.599
0.0295000130868	0.1	0.601
0.0299999758026	0.113	0.603
0.029999999758	0.15370628	0.5495726
0.0302445871813	0.16450359	0.55044904
0.0304911685053	0.17294334	0.54711055
0.0307397600871	0.18106192	0.54359171
0.0309903777852	0.18932484	0.54010868
0.0312430400572	0.1973871	0.53662155
0.0314977609609	0.20929266	0.52836414
0.0317545595378	0.22070404	0.52008479
0.0320134511236	0.22548136	0.50660845
0.0322744537494	0.22989969	0.49354093
0.0325375840852	0.23029667	0.48344774
0.0328028599183	0.23069016	0.4736393
0.0330702984708	0.231478	0.46526993
0.0333399172364	0.23219799	0.4570425
0.0336117349037	0.23270228	0.44896386
0.033885767737	0.23312402	0.441023
0.0341620350124	0.23322494	0.43322868
0.0344405554291	0.2332447	0.42556584
0.0347213451023	0.2329578	0.41803398
0.0350044252449	0.23258767	0.4106293
0.0352898135375	0.23191023	0.40335128
0.0355775279042	0.2311444	0.39619823
0.0358675875593	0.23006409	0.38917529
0.0361600131037	0.22886769	0.38227359
0.0364548212648	0.22727672	0.37549841
0.036752034368	0.22553956	0.3690276
0.037051669716	0.22334003	0.36324787
0.0373537492854	0.22129448	0.35768751
0.0376582898082	0.21962145	0.35255954
0.037965315111	0.21800275	0.34750648
0.0382748425122	0.21649701	0.34252364
0.0385868930738	0.21500875	0.33761392
0.0389014882408	0.21354848	0.3327737
0.0392186486161	0.21207468	0.32800388
0.0395383938757	0.21056865	0.32330086
0.0398607465238	0.20901107	0.31874326
0.0401857282062	0.20735951	0.31438237
0.0405133582979	0.20581407	0.31014989
0.0408436604301	0.20442484	0.30607943
0.0411766546237	0.20309964	0.30206402
0.0415123639242	0.20186063	0.29810155
0.0418508104012	0.20066764	0.29419143
0.0421920150505	0.19953166	0.29033176
0.0425360035294	0.19844843	0.28652282
0.0428827946605	0.19742521	0.28276322
0.0432324134165	0.19651419	0.27905389
0.0435848837583	0.19571904	0.27539393
0.043940226973	0.1951972	0.27161896
0.044298467769	0.1949305	0.26773924
0.0446596281104	0.19440849	0.26347603
0.0450237335141	0.19366784	0.25889626
0.045390808343	0.1926833	0.25439594
0.0457608756915	0.19151056	0.24997312
0.046133958981	0.1902209	0.24562769
0.0465100854633	0.18885136	0.24135734
0.0468892776536	0.18741783	0.23712026
0.0472715601285	0.18594746	0.23292959
0.0476569615162	0.18430075	0.22875137
0.0480455036415	0.18255978	0.22460987
0.048437214189	0.18064324	0.22054407
0.0488321175588	0.17864703	0.21655015
0.0492302423944	0.17636071	0.21263057
0.0496316119822	0.17395709	0.20878067
0.0500362538852	0.17099556	0.20554793
0.0504441941267	0.16783149	0.20260021
0.0508554612153	0.16525451	0.20021417
0.0512700799715	0.16291922	0.19805479
0.0516880798233	0.16088124	0.19591703
0.0521094886007	0.15895889	0.19380369
0.0525343323811	0.15713644	0.19171235
0.0529626398514	0.15535912	0.18964532
0.0533944379086	0.15358853	0.18759847
0.0538297585042	0.15183654	0.1855752
0.0542686271657	0.14984652	0.18390088
0.0547110745135	0.14782822	0.18231345
0.055157126852	0.14635313	0.18115936
0.0556068182624	0.14498859	0.18008614
0.0560601760185	0.14398804	0.17902254
0.0565172277256	0.14304564	0.17796229
0.0569780091907	0.14241107	0.17691112
0.0574425437882	0.14180971	0.17586302
0.0579108684566	0.14160118	0.17482439
0.0583830100637	0.14141544	0.17378864
0.0588590013112	0.14194935	0.17241388
0.0593388726811	0.14249853	0.17102801
0.0598226551165	0.14281005	0.16905838
0.0603103859077	0.14308778	0.16709195
0.0608020883198	0.14332035	0.16514643
0.0612978037459	0.14353291	0.16322608
0.0617975593104	0.14410603	0.16132504
0.0623013885702	0.14468141	0.15941423
0.0628093256701	0.14615791	0.15660432
0.0633214021334	0.1475194	0.15378538
0.0638376564835	0.147887	0.15013618
0.0643581180955	0.14819018	0.14655425
0.0648828233898	0.14807309	0.14302845
0.0654118060449	0.14789472	0.13953049
0.0659451037596	0.14733463	0.13578365
0.0664827478664	0.14671152	0.13211664
0.0670247736495	0.1457107	0.12856833
0.0675712206552	0.14466212	0.12509683
0.0681221217882	0.14333649	0.12173654
0.0686775179509	0.14194707	0.1184502
0.0692374354829	0.14022473	0.11526793
0.0698019242315	0.13847669	0.1122786
0.0703710115478	0.1365636	0.10985474
0.0709447409822	0.1347358	0.10751908
0.0715231447293	0.13312573	0.1053739
0.072106267819	0.13155165	0.10326915
0.0726941435832	0.1300412	0.10120908
0.073286809982	0.12852681	0.09921244
0.0738843099713	0.12697151	0.097321121
0.074486682937	0.12548869	0.095512208
0.0750939643665	0.12414435	0.093848879
0.0757061993717	0.12287048	0.092214106
0.0763234246674	0.12172344	0.090608218
0.0769456821699	0.12068076	0.088962563
0.0775730145519	0.11981929	0.087221337
0.0782054554077	0.11886753	0.085404536
0.0788430585612	0.11776373	0.08344299
0.0794858589477	0.11659868	0.081524382
0.0801339020828	0.11533702	0.079651324
0.0807872238635	0.11398962	0.077819957
0.0814458764954	0.11252161	0.076032101
0.0821098917518	0.11076911	0.074608748
0.0827793289907	0.10866616	0.073620624
0.0834542212401	0.10755968	0.073293304
0.0841346129377	0.10754589	0.0736918
0.0848205550622	0.10767945	0.072788998
0.0855120879454	0.10796032	0.070588184
0.0862092643321	0.1079212	0.068432339
0.0869121199155	0.10759136	0.066320532
0.087620702854	0.1070416	0.064096992
0.0883350684949	0.10631087	0.061788796
0.089055254339	0.10540907	0.059567123
0.0897813110331	0.10438147	0.057421038
0.0905132902245	0.10329003	0.055357151
0.0912512378866	0.10215938	0.053362128
0.0919952006375	0.10093189	0.051322154
0.0927452257678	0.0996513	0.049270653
0.0935013683191	0.09823016	0.047306286
0.094263677357	0.09674068	0.045408083
0.0950322027174	0.09511901	0.043702875
0.0958069876353	0.09344472	0.042111148
0.0965880907461	0.09184813	0.040670894
0.0973755643883	0.09030069	0.039314294
0.0981694618068	0.0888034	0.038009633
0.0989698292894	0.08734067	0.036741399
0.0997767216192	0.0859071	0.035522482
0.100590186429	0.08449878	0.034336851
0.101410288457	0.08310911	0.033140177
0.10223707721	0.0817407	0.031956805
0.10307061135	0.08033115	0.030801857
0.103910933294	0.07892737	0.029671842
0.1047581121	0.07749378	0.028593174
0.105612191657	0.07607171	0.027543502
0.10647323428	0.07461685	0.026542716
0.107341303614	0.07317555	0.025568162
0.10821644581	0.07171318	0.024721649
0.109098726428	0.07026868	0.023910911
0.109988192992	0.06888794	0.023169034
0.11088492304	0.0675368	0.022449358
0.111788956012	0.06622896	0.021758051
0.112700361754	0.06494613	0.021082092
0.113619190958	0.06368415	0.020433054
0.114545515859	0.06244412	0.019798062
0.115479399716	0.06121608	0.019188807
0.116420885069	0.06000909	0.01859243
0.117370058669	0.05881533	0.018039487
0.118326964757	0.05764238	0.017498408
0.119291670347	0.05649952	0.016987106
0.120264243766	0.05537688	0.016486168
0.121244754707	0.0542761	0.016004418
0.122233250185	0.05319473	0.015532571
0.123229801614	0.05213216	0.015078546
0.124234483158	0.0510886	0.014634067
0.12524735418	0.05006634	0.014206289
0.126268483685	0.04906584	0.013785125
0.127297939318	0.04811925	0.013354277
0.128335787202	0.04718131	0.01292488
0.129382095822	0.04620054	0.01245008
0.130436936172	0.04522698	0.011987196
0.131500374943	0.04420777	0.011546712
0.132572485461	0.04319098	0.011125084
0.133653335223	0.04210999	0.010761561
0.134742998543	0.04105888	0.01042702
0.135841545165	0.04006777	0.010191788
0.136949047399	0.03910088	0.0099612906
0.138065580282	0.03817278	0.0097365322
0.13919121551	0.03726267	0.0095163465
0.140326029045	0.0363716	0.0093016086
0.141470093356	0.03549249	0.0090912903
0.142623485273	0.03461651	0.0088861468
0.143786279637	0.03374489	0.0086996373
0.14495855586	0.03285932	0.0085536244
0.146140389639	0.03200301	0.0084243173
0.147331857844	0.03119037	0.0083288554
0.148533040347	0.03040119	0.0082345196
0.149744014793	0.02964295	0.0081412067
0.150964863713	0.02889939	0.0080489988
0.152195665537	0.02817051	0.007957818
0.153436501786	0.02745162	0.0078676879
0.154687455356	0.02674023	0.0077785253
0.155948606645	0.02602599	0.0076956815
0.157220041267	0.02530144	0.0076214145
0.158501840299	0.02459915	0.0075801247
0.159794090145	0.02392132	0.0075814776
0.161096876642	0.02326683	0.0075827046
0.162410284954	0.02263721	0.0075839958
0.163734399455	0.02202376	0.0075852076
0.165069310204	0.02142651	0.0075864226
0.166415104424	0.02083759	0.007587668
0.167771870744	0.0202569	0.0075889367
0.169139699255	0.01966328	0.0076069756
0.170518676884	0.01905959	0.0076395712
0.171908901372	0.01848991	0.0077024479
0.173310457881	0.01794945	0.0077889562
0.17472344005	0.01743837	0.0078770917
0.176147943131	0.01695119	0.0079655963
0.177584061517	0.0164829	0.0080558226
0.179031886015	0.01603	0.0081461133
0.180491516629	0.01559373	0.0082384516
0.181963047236	0.01517069	0.0083306979
0.183446573146	0.01476338	0.0084263208
0.184942193929	0.01436811	0.0085221882
0.186450010892	0.01398918	0.0086213597
0.187970118603	0.01362183	0.0087203299
0.189502621649	0.01327059	0.0088223076
0.191047617733	0.01293006	0.008923575
0.192605211995	0.01260556	0.0090279875
0.194175502359	0.01229095	0.0091313557
0.195758597407	0.01199364	0.0092383413
0.197354598347	0.01170586	0.0093440958
0.198963611099	0.0114419	0.0094507371
0.200585743376	0.01118845	0.0095550066
0.202221098155	0.01094749	0.0096527052
0.203869786634	0.010713	0.0097460334
0.205531918611	0.01049171	0.0098430539
0.207207598833	0.01027642	0.0099381109
0.208896944101	0.01008108	0.01003722
0.210600059158	0.00989226	0.010134119
0.212317061058	0.0097476	0.010232195
0.214048061645	0.00961173	0.010327355
0.215793174548	0.00947969	0.010369874
0.217552515252	0.00934983	0.010403626
0.219326201181	0.0092109	0.010439341
0.221114347828	0.00907302	0.010473247
0.222917068522	0.00893946	0.010509179
0.224734490465	0.00880811	0.010543187
0.226566730965	0.00868599	0.010579495
0.228413904935	0.00856601	0.010613767
0.230276141733	0.00846323	0.010650353
0.232153564546	0.00836219	0.010684696
0.23404628978	0.00827791	0.010698069
0.235954444387	0.00819447	0.010709524
0.237878157534	0.00810793	0.010711995
0.239817556057	0.00802237	0.010713159
0.241772764179	0.00793694	0.010715508
0.243743917584	0.00785302	0.010716626
0.245731135056	0.0077761	0.010719002
0.247734556599	0.00770178	0.010720215
0.24975431492	0.00764401	0.010722573
0.251790534727	0.0075872	0.010720686
0.253843363166	0.0075347	0.010697917
0.255912918766	0.00748184	0.010674182
0.257999353399	0.00742566	0.010648967
0.260102800397	0.00737028	0.010623255
0.26222338954	0.00731728	0.010598138
0.264361274864	0.00726581	0.010572573
0.266516585025	0.00721956	0.010547572
0.268689467663	0.00717632	0.010522159
0.270880067228	0.00714315	0.010497247
0.273088524603	0.00711468	0.010466358
0.275314988949	0.00710079	0.010418879
0.277559605858	0.00708305	0.010366174
0.279822523276	0.00705605	0.010299864
0.282103891596	0.00702584	0.01023391
0.284403857239	0.00698838	0.010168453
0.286722575488	0.00695045	0.010103339
0.289060197637	0.00691155	0.010038689
0.291416877414	0.00687268	0.0099744121
0.293792771072	0.00683387	0.0099106224
0.296188030425	0.0067956	0.0098471825
0.298602823947	0.00675825	0.0097841697
0.301037301503	0.00672202	0.009721528
0.303491629832	0.00668754	0.0096593366
0.305965971194	0.00665581	0.009597505
0.308460482886	0.00662792	0.0095360792
0.310975332317	0.00660136	0.0094695265
0.313510681894	0.00657651	0.0093964651
0.316066704606	0.00654978	0.0093223565
0.318643568409	0.00652094	0.0092469712
0.321241435689	0.00649091	0.0091721949
0.32386048807	0.00645965	0.0090980174
0.326500893506	0.00642865	0.0090244356
0.329162822496	0.00639789	0.0089514448
0.331846448187	0.00636792	0.0088790574
0.334551964544	0.0063386	0.0088072647
0.337279532886	0.00631076	0.0087360505
0.340029344329	0.00628404	0.0086654072
0.342801565285	0.00625993	0.0085953243
0.345596393086	0.00623759	0.0085257979
0.348414009481	0.00622269	0.0084564824
0.351254599096	0.00621234	0.0083875051
0.354118339448	0.00619964	0.008302942
0.357005431073	0.00618538	0.0082098534
0.359916067968	0.00616599	0.0081177821
0.362850426282	0.00614379	0.0080267853
0.365808705887	0.00611844	0.0079367607
0.368791110296	0.00609153	0.0078477859
0.371797835662	0.00606342	0.0077597657
0.374829058691	0.00603474	0.0076727839
0.377885004028	0.00600556	0.0075867348
0.380965866159	0.00597614	0.0075017062
0.384071842438	0.00594687	0.0074175683
0.387203145296	0.0059176	0.0073344306
0.390359978776	0.00588931	0.0072521583
0.393542537685	0.00586124	0.0071708702
0.396751057496	0.00583667	0.0070904286
0.399985727239	0.00581283	0.0070109551
0.403246777303	0.00579141	0.0069233206
0.406534402752	0.00577032	0.0068348968
0.409848841546	0.00574416	0.0067430915
0.413190295327	0.00571698	0.0066517681
0.416558996235	0.00568535	0.0065615969
0.419955166619	0.00565309	0.0064727147
0.423379018063	0.00561916	0.0063849755
0.426830794434	0.00558511	0.0062984971
0.430310699736	0.00555001	0.006213114
0.433818985722	0.00551492	0.0061289611
0.437355863146	0.0054793	0.0060458684
0.440921592277	0.00544378	0.0059639771
0.444516375291	0.00540925	0.0058831332
0.448140480872	0.00537487	0.0058034631
0.45179411788	0.00534147	0.0057216117
0.455477547341	0.00530814	0.0056409064
0.459191018612	0.0052717	0.0055582933
0.462934750919	0.00523536	0.0054769407
0.466709018559	0.00519702	0.0053967363
0.470514048173	0.00515883	0.0053177531
0.474350105348	0.00511951	0.0052398844
0.478217442362	0.00508038	0.005163198
0.482116296888	0.00504053	0.0050875813
0.486046947791	0.00500089	0.0050131124
0.490009640914	0.00496079	0.0049397068
0.49400464519	0.00492091	0.004867411
0.498032214385	0.00488078	0.0047961366
0.50209262633	0.00484094	0.0047259374
0.506186143401	0.00480125	0.0046567304
0.510313032056	0.00476181	0.0045884258
0.514473562997	0.00472228	0.0045204612
0.518668011349	0.00468291	0.004453476
0.522896656844	0.00464316	0.0043872632
0.52715978401	0.00460363	0.004322054
0.53145765959	0.00456399	0.0042577896
0.535790600345	0.00452459	0.0041944995
0.540158835801	0.00448524	0.004132134
0.544562692176	0.00444617	0.0040707122
0.549002478703	0.00440726	0.0040101893
0.553478436528	0.00436868	0.0039505804
0.557990883569	0.00433038	0.0038918447
0.562540144168	0.0042926	0.0038339071
0.567126471536	0.00425549	0.00377664
0.571750199857	0.00421848	0.0037198491
0.576411616847	0.00418136	0.0036631797
0.581111041377	0.00414439	0.0036073823
0.585848798181	0.00410742	0.0035524333
0.590625161823	0.0040707	0.0034983242
0.595440466735	0.00403417	0.0034450318
0.60029505388	0.00399795	0.0033925551
0.605189182392	0.00396204	0.0033408748
0.610123232787	0.00392651	0.0032899846
0.615097503224	0.00389137	0.0032398676
0.620112357477	0.00385671	0.0031905158
0.625168072538	0.00382253	0.0031419148
0.630264991403	0.00378901	0.0030940552
0.635403495826	0.00375614	0.0030469246
0.640583876858	0.00372451	0.0030005116
0.645806495267	0.00369403	0.0029548065
0.651071684578	0.00366506	0.0029074009
0.656379818062	0.00363739	0.0028587202
0.66173120583	0.00360824	0.0028087542
0.66712623295	0.00357806	0.0027580289
0.672565255999	0.00354631	0.0027082319
0.67804860041	0.00351359	0.0026593267
0.683576670749	0.00348042	0.0026113114
0.689149803814	0.00344712	0.0025641486
0.694768379532	0.00341354	0.0025178541
0.70043274518	0.00337997	0.0024723835
0.706143333085	0.00334624	0.0024277478
0.711900463017	0.00331262	0.0023839016
0.717704498748	0.00327878	0.0023408646
0.723555893788	0.00324505	0.002298588
0.729454941007	0.00321143	0.0022574264
0.735402151624	0.00317809	0.0022171238
0.741397785387	0.00314503	0.0021775695
0.74744232507	0.00311231	0.0021387075
0.753536174234	0.00307985	0.0021005587
0.759679650236	0.00304773	0.0020630723
0.765873260763	0.00301591	0.0020262723
0.772117334682	0.00298445	0.0019901086
0.778412348968	0.00295334	0.0019546115
0.784758692399	0.00292259	0.0019197277
0.791156758861	0.00289321	0.0018854803
0.797606947557	0.00286436	0.0018518214
0.804109767534	0.00283535	0.0018167845
0.81066558142	0.00280659	0.0017820188
0.817274862298	0.00277714	0.0017479605
0.823938038371	0.00274789	0.0017145087
0.830655544539	0.00271861	0.0016817434
0.837427766114	0.00268965	0.001649559
0.84425526444	0.00266087	0.0016180377
0.85113838214	0.00263243	0.0015870725
0.858077640316	0.00260428	0.0015567454
0.865073451351	0.00257646	0.0015269509
0.872126293567	0.00255093	0.0014976342
0.879236654084	0.00252574	0.0014688268
0.886405029187	0.00249977	0.0014370119
0.893631795878	0.00247406	0.0014057644
0.900917463593	0.0024467	0.0013752975
0.908262551906	0.00241964	0.0013453942
0.915667523323	0.00239217	0.001316234
0.923132915653	0.00236502	0.001287617
0.930659138321	0.00233777	0.0012597061
0.93824667442	0.00231087	0.0012323205
0.945896086624	0.00228426	0.0012056059
0.953607950066	0.00225797	0.0011792881
0.961382629201	0.00223187	0.0011527768
0.96922063888	0.002206	0.0011267161
0.977122579704	0.00217981	0.00110091
0.985088988146	0.00215387	0.001075618
0.99312033073	0.00212773	0.0010509796
1.00121715962	0.00210189	0.0010268368
1.0093799551	0.00207617	0.0010033102
1.01760936982	0.00205101	0.0009802627
1.02590581824	0.00202691	0.00095780483
1.03426997416	0.0020031	0.00093528161
1.04270226578	0.00197949	0.00091163877
1.0512033005	0.00195572	0.00088822509
1.05977360781	0.00193092	0.00086463834
1.06841390862	0.00190612	0.00084160171
1.07712456913	0.00188081	0.00081924667
1.08590623684	0.00185562	0.00079742069
1.09475957365	0.00183024	0.000776236
1.10368496177	0.00180502	0.00075555991
1.11268327908	0.00177975	0.0007354822
1.12175482337	0.00175468	0.00071589437
1.13090039849	0.00172963	0.00069686878
1.1401205173	0.00170479	0.00067831159
1.14941580325	0.00168004	0.0006602755
1.15878689088	0.00165549	0.00064269021
1.16823431626	0.00163106	0.00062559473
1.17775884404	0.00160683	0.00060893333
1.18736103121	0.00158275	0.00059273247
1.19704144034	0.00155882	0.00057694923
1.20680087484	0.001535	0.0005615976
1.21663980141	0.00151124	0.00054676102
1.2265589284	0.0014875	0.00053244908
1.23655885558	0.00146422	0.00051890866
1.24664046583	0.00144138	0.00050611729
1.2568041963	0.00141902	0.00049364417
1.26705080374	0.00139711	0.0004814756
1.27738094334	0.00137559	0.00046961092
1.2877953069	0.00135445	0.00045803139
1.29829458461	0.00133378	0.00044674573
1.30887945065	0.00131353	0.00043572883
1.31955061755	0.00129352	0.00042458266
1.33030878186	0.00127377	0.00041342238
1.3411546658	0.00125409	0.00040249537
1.35208897474	0.00123456	0.00039179022
1.36311242523	0.00121514	0.0003813913
1.3742257455	0.0011959	0.00037124792
1.38542967591	0.00117684	0.00036139649
1.39672495374	0.00115801	0.00035178234
1.40811231244	0.00113917	0.00034244948
1.41959251329	0.0011205	0.00033333868
1.4311663142	0.00110214	0.00032490053
1.4428344857	0.00108408	0.00031681839
1.45459776025	0.0010666	0.00030901246
1.46645696734	0.0010495	0.00030139682
1.47841284713	0.00103323	0.00029397352
1.49046620371	0.00101739	0.00028670536
1.50261781888	0.00100142	0.00027819699
1.51486852376	0.00098561	0.00026949016
1.52721910831	0.00096921	0.00026108158
1.53967037468	0.00095288	0.00025286991
1.55222315716	0.00093605	0.0002452288
1.56487828477	0.00091936	0.00023781874
1.57763658028	0.00090289	0.00023137922
1.59049889992	0.0008867	0.00022519783
1.60346609411	0.00087106	0.00021927237
1.61653898534	0.00085572	0.0002134787
1.62971847238	0.00084078	0.00020782227
1.64300540542	0.0008261	0.0002022775
1.65640066994	0.00081128	0.00019640946
1.66990514405	0.00079668	0.00019062561
1.6835197202	0.00078185	0.00018533616
1.69724530571	0.00076726	0.00018016721
1.71108277616	0.00075308	0.00017556357
1.72503306824	0.00073916	0.00017105659
1.73909708655	0.00072524	0.00016633328
1.75327577475	0.00071155	0.00016171804
1.76757006776	0.00069775	0.00015776861
1.78198089037	0.00068421	0.00015391141
1.79650920786	0.00067135	0.00015045116
1.81115597578	0.00065869	0.00014700027
1.82592216544	0.00064603	0.00014295348
1.84080873715	0.00063354	0.00013901891
1.85581666651	0.00062078	0.00013545977
1.87094697322	0.00060828	0.00013201845
1.88620060929	0.00059621	0.00012899216
1.90157862775	0.00058434	0.00012595064
1.91708201253	0.00057263	0.00012255982
1.93271179247	0.00056099	0.00011919529
1.94846901381	0.00054892	0.00011570819
1.96435467867	0.00053697	0.00011236244
1.98036986722	0.00052481	0.0001093773
1.99651564701	0.00051282	0.00010647933
2.01279303851	0.00050084	0.00010374119
2.02920314332	0.00048894	0.00010102463
2.04574704897	0.00047684	9.8265455e-005
2.06242582699	0.00046473	9.5548354e-005
2.07924060056	0.00045219	9.2853193e-005
2.09619244176	0.00043952	9.0205691e-005
2.11328247467	0.00042617	8.7597705e-005
2.13051187894	0.00041246	8.5064177e-005
2.14788174475	0.00039765	8.263e-005
2.16539321588	0.00038187	8.0221759e-005
2.18304745501	0.00036397	7.7818973e-005
2.20084560543	0.00034144	7.9057754e-005
2.21878890777	0.00031073	8.647448e-005
2.23687846515	0.00028996	0.00010476361
2.25511551801	0.00028411	0.00013986821
2.27350124638	0.00027912	0.00016092235
2.29203689111	0.00027528	0.00016281047
2.31072367195	0.00027374	0.00017432798
2.32956274119	0.00027507	0.00019797263
2.34855544424	0.0002818	0.00021171032
2.36770301831	0.00029467	0.00021426645
2.38700667438	0.00030496	0.00021458364
2.40646768762	0.00031259	0.00021259426
2.426087402	0.00031733	0.00020949279
2.44586704201	0.00031937	0.00020535343
2.46580794709	0.00032061	0.00020153669
2.48591148066	0.00032117	0.00019800304
2.50617887911	0.00032131	0.00019425132
2.5266114979	0.00032111	0.00019034535
2.54721071592	0.0003202	0.00018609523
2.56797788333	0.00031878	0.00018162639
2.58891437223	0.00031625	0.00017739459
2.61002152268	0.00031302	0.00017334088
2.63130075078	0.0003101	0.00017030673
2.65275349736	0.00030736	0.0001678776
2.67438117132	0.00030252	0.00016450917
2.69618514593	0.00029663	0.00016068478
2.71816687422	0.00029165	0.00016200072
2.7403278341	0.00028714	0.00016567041
2.76266946781	0.00028692	0.00016667702
2.78519324058	0.00028846	0.00016655262
2.80790064154	0.0002894	0.00016370584
2.83079318469	0.00029008	0.00015988402
2.8538723443	0.00028919	0.00015638634
2.87713968409	0.00028777	0.00015303705
2.90059672794	0.00028624	0.00014959218
2.92424502447	0.00028468	0.00014616492
2.94808607793	0.00028258	0.00014246628
2.97212155733	0.00028036	0.00013875298
2.9963530193	0.00027772	0.00013524568
3.02078197125	0.00027503	0.00013183445
3.0454100907	0.00027215	0.00012858699
3.07023901036	0.00026928	0.0001254191
3.09527039039	0.00026575	0.00012222375
3.12050584109	0.00026217	0.00011907619
3.14594699742	0.00025883	0.00011753826
3.17159560115	0.00025556	0.00011620856
3.19745334369	0.00025347	0.00011470455
3.22352186065	0.0002515	0.00011320425
3.24980289649	0.00024948	0.0001103603
3.2762982259	0.00024746	0.00010748335
3.30300956709	0.00024492	0.0001047635
3.3299387547	0.00024239	0.00010209925
3.3570873847	0.00023938	9.9486713e-005
3.38445744019	0.00023641	9.6931545e-005
3.41205057111	0.00023336	9.5078831e-005
3.43986863797	0.00023039	9.3259982e-005
3.46791363122	0.00022837	9.1516998e-005
3.49618718763	0.00022636	8.9744926e-005
3.52469126115	0.00022423	8.7079465e-005
3.55342774078	0.00022206	8.448675e-005
3.58239844379	0.00021929	8.2161398e-005
3.61160542415	0.00021654	7.9890725e-005
3.64105045627	0.00021381	7.7741477e-005
3.67073555376	0.00021111	7.564023e-005
3.70066276727	0.0002084	7.3621263e-005
3.73083384919	0.00020572	7.1649244e-005
3.76125102643	0.00020306	6.975763e-005
3.79191611075	0.00020042	6.7895339e-005
3.82283128789	0.00019779	6.6036862e-005
3.85399842856	0.00019518	6.4219572e-005
3.88541966967	0.00019255	6.2457505e-005
3.91709718771	0.00018994	6.0737695e-005
3.949032823	0.00018734	5.9078349e-005
3.98122894545	0.00018476	5.7458102e-005
4.01368758761	0.00018221	5.5889606e-005
4.04641081109	0.00017969	5.4346965e-005
4.0794007078	0.00017716	5.2822493e-005
4.11265967406	0.00017469	5.1346259e-005
4.14618987958	0.00017226	4.9941661e-005
4.17999324687	0.0001698	4.8501345e-005
4.21407243228	0.00016722	4.6959224e-005
4.24842928394	0.00016467	4.5596839e-005
4.28306640055	0.00016214	4.4537207e-005
4.31798583897	0.00015972	4.3424592e-005
4.35318983163	0.00015744	4.2211701e-005
4.38868095535	0.00015517	4.1047529e-005
4.42446152665	0.00015288	3.9943897e-005
4.46053373859	0.00015062	3.8853604e-005
4.49689997542	0.00014839	3.7773561e-005
4.53356282713	0.00014619	3.6726202e-005
4.57052459912	0.000144	3.5713768e-005
4.60778762938	0.00014183	3.4724532e-005
4.64535446381	0.00013969	3.3758505e-005
4.68322751813	0.00013758	3.2819976e-005
4.72140942487	0.00013549	3.1908644e-005
4.75990268422	0.00013342	3.1023608e-005
4.79870965105	0.00013137	3.0163802e-005
4.83783308781	0.00012935	2.9335687e-005
4.87727542916	0.00012735	2.8536285e-005
4.9170393379	0.00012538	2.7756251e-005
4.95712752412	0.00012344	2.6994358e-005
4.99754254572	0.00012152	2.6271717e-005
5.03828699868	0.00011963	2.5580003e-005
5.07936372673	0.00011779	2.4899184e-005
5.12077520557	0.00011598	2.4229949e-005
5.16252437032	0.00011418	2.3558147e-005
5.20461399652	0.00011238	2.2890647e-005
5.24704668466	0.00011065	2.232363e-005
5.28982529539	0.00010896	2.1811973e-005
5.33295273996	0.00010732	2.1205492e-005
5.37643174924	0.00010571	2.0563119e-005
5.42026533069	0.00010407	1.9971746e-005
5.46445630775	0.00010242	1.9407609e-005
5.50900754727	0.00010081	1.886192e-005
5.55392196126	9.923e-005	1.832959e-005
5.59920250881	9.766e-005	1.7817422e-005
5.64485219803	9.612e-005	1.7318368e-005
5.69087408806	9.459e-005	1.6837988e-005
5.73727129121	9.309e-005	1.6369471e-005
5.78404670531	9.163e-005	1.5929452e-005
5.83120354244	9.02e-005	1.5502638e-005
5.87874479552	8.878e-005	1.5043173e-005
5.92667350129	8.739e-005	1.4584366e-005
5.97499303006	8.6e-005	1.4192763e-005
6.02370681854	8.463e-005	1.3818743e-005
6.07281748019	8.329e-005	1.3424752e-005
6.122328549	8.197e-005	1.3034676e-005
6.17224332519	8.066e-005	1.265947e-005
6.2225648531	7.937e-005	1.2292434e-005
6.27329685025	7.81e-005	1.1940352e-005
6.3244424704	7.684e-005	1.1595823e-005
6.37600523781	7.561e-005	1.1263638e-005
6.42798807603	7.439e-005	1.0938282e-005
6.4803949497	7.31899999999e-005	1.0624596e-005
6.53322888317	7.201e-005	1.0317227e-005
6.58649362928	7.085e-005	1.002115e-005
6.64019266092	6.97e-005	9.7310071e-006
6.69432950658	6.858e-005	9.451416e-006
6.74890775259	6.746e-005	9.1775337e-006
6.80393104552	6.637e-005	8.9136236e-006
6.85940271521	6.529e-005	8.6552113e-006
6.91532690342	6.423e-005	8.4060394e-006
6.97170666851	6.31800000001e-005	8.162158e-006
7.0285462837	6.215e-005	7.9269398e-006
7.08584931088	6.114e-005	7.6968152e-006
7.1436197732	6.014e-005	7.4747006e-006
7.20186093577	5.91599999999e-005	7.2575091e-006
7.26057694121	5.819e-005	7.0479791e-006
7.31977158392	5.724e-005	6.8431828e-006
7.37944915668	5.63e-005	6.6455364e-006
7.43961314972	5.537e-005	6.452423e-006
7.50026754261	5.446e-005	6.265889e-006
7.56141638173	5.35699999999e-005	6.0837015e-006
7.62306425171	5.269e-005	5.9076001e-006
7.68521393477	5.182e-005	5.7357215e-006
7.74787110087	5.096e-005	5.5696544e-006
7.81103863944	5.012e-005	5.4076384e-006
7.87472142649	4.929e-005	5.2510176e-006
7.93892292931	4.848e-005	5.0982818e-006
8.00364818653	4.768e-005	4.950561e-006
8.0689013102	4.689e-005	4.8065713e-006
8.1346864724	4.611e-005	4.6672431e-006
8.20100736523	4.534e-005	4.5314822e-006
8.26786936446	4.459e-005	4.4000567e-006
8.33527686424	4.385e-005	4.2720528e-006
8.40323319108	4.312e-005	4.1480711e-006
8.47174398688	4.24e-005	4.0273951e-006
8.54081327997	4.169e-005	3.9104935e-006
8.61044573884	4.099e-005	3.7967645e-006
8.6806461151	4.031e-005	3.6865513e-006
8.7514186291	3.963e-005	3.5793896e-006
8.82276817874	3.897e-005	3.4754987e-006
8.89469911661	3.831e-005	3.3745355e-006
8.96721649875	3.767e-005	3.2766206e-006
9.04032548088	3.703e-005	3.1814866e-006
9.11403065249	3.641e-005	3.0891569e-006
9.18833666724	3.579e-005	2.9994996e-006
9.26324824564	3.519e-005	2.9124519e-006
9.33877017782	3.45899999999e-005	2.8279555e-006
9.41490875634	3.4e-005	2.7458761e-006
9.49166753624	3.342e-005	2.6662417e-006
9.56905227405	3.285e-005	2.5888537e-006
9.64706735533	3.229e-005	2.5138173e-006
9.72571872889	3.17399999999e-005	2.4408729e-006
9.80501170702	3.12e-005	2.3701766e-006
9.88495090772	3.066e-005	2.3014176e-006
9.96554259719	3.013e-005	2.2348265e-006
10.0467907521	2.961e-005	2.1700397e-006
10.1287010035	2.909e-005	2.1073192e-006
10.21127909	2.85799999999e-005	2.0462691e-006
10.2945308623	2.808e-005	1.9871817e-006
10.3784614195	2.759e-005	1.929633e-006
10.4630759249	2.70999999999e-005	1.8739723e-006
10.5483805071	2.662e-005	1.8197403e-006
10.6343805113	2.614e-005	1.767305e-006
10.7210813574	2.567e-005	1.7161889e-006
10.8084894853	2.51999999999e-005	1.6667969e-006
10.8966095619	2.474e-005	1.6186268e-006
10.9854482241	2.428e-005	1.5721002e-006
11.0750122604	2.382e-005	1.5267014e-006
11.1653056005	2.336e-005	1.4828689e-006
11.2563352067	2.291e-005	1.4400789e-006
11.348107169	2.244e-005	1.3987871e-006
11.4406266267	2.198e-005	1.3584596e-006
11.5339009052	2.148e-005	1.3195687e-006
11.6279364221	2.09799999999e-005	1.2815668e-006
11.7227374965	2.035e-005	1.2449348e-006
11.8183118059	1.97e-005	1.2091217e-006
11.9146649363	1.573e-005	1.1744292e-006
12.0118048585	1.88e-005	2.8421859e-006
12.1097350236	1.909e-005	2.7579855e-006
12.2084648048	1.907e-005	2.6755748e-006
12.3079989882	1.89e-005	2.5962703e-006
12.408345458	1.872e-005	2.5186442e-006
12.5095095177	1.849e-005	2.4440245e-006
12.6114982889	1.826e-005	2.3709501e-006
12.7143186435	1.801e-005	2.3007193e-006
12.8179773093	1.776e-005	2.2319114e-006
12.9224809884	1.749e-005	2.1658225e-006
13.027836761	1.723e-005	2.1010772e-006
13.1340514171	1.695e-005	2.0388283e-006
13.2411321341	1.66700000001e-005	1.9778757e-006
13.3490857857	1.637e-005	1.9192762e-006
13.4579194966	1.606e-005	1.8619219e-006
13.5676406583	1.566e-005	1.8067348e-006
13.6782563429	1.505e-005	1.7527139e-006
13.789773885	1.423e-005	2.3726935e-006
13.9022005867	1.502e-005	2.3030214e-006
14.015543869	1.487e-005	2.2356947e-006
14.1298111149	1.469e-005	2.1698833e-006
14.2450101532	1.437e-005	2.1064385e-006
14.3611482914	1.372e-005	2.3501639e-006
14.4782334509	1.39e-005	2.2850811e-006
14.5962730104	1.401e-005	2.2214706e-006
14.7152749777	1.386e-005	2.1599229e-006
14.8352473271	1.37099999999e-005	2.0997542e-006
14.9561976303	1.354e-005	2.0413968e-006
15.0781341175	1.337e-005	1.9843709e-006
15.2010646091	1.319e-005	1.9290538e-006
15.3249974231	1.302e-005	1.8750221e-006
15.4499406408	1.284e-005	1.8226022e-006
15.5759024733	1.267e-005	1.7714187e-006
15.702891266	1.249e-005	1.7217493e-006
15.8309155051	1.232e-005	1.6732775e-006
15.9599834118	1.214e-005	1.6262416e-006
16.0901035416	1.197e-005	1.5803591e-006
16.2212845941	1.18e-005	1.5358195e-006
16.3535352035	1.162e-005	1.4923892e-006
16.4868641462	1.146e-005	1.450217e-006
16.621279901	1.129e-005	1.409115e-006
16.756791525	1.112e-005	1.3691999e-006
16.893408005	1.096e-005	1.330314e-006
17.0311384791	1.079e-005	1.2925394e-006
17.1699915302	1.063e-005	1.2557557e-006
17.3099768253	1.047e-005	1.2200165e-006
17.4511034804	1.032e-005	1.1852335e-006
17.5933805069	1.016e-005	1.1514301e-006
17.7368178126	1.001e-005	1.1185418e-006
17.881424206	9.84999999998e-006	1.0865653e-006
18.0272099199	9.7e-006	1.055474e-006
18.1741837933	9.55999999996e-006	1.0252396e-006
18.3223563975	9.40999999999e-006	9.9585556e-007
18.4717365967	9.26999999995e-006	9.6727107e-007
18.622335035	9.11999999997e-006	9.3950113e-007
18.7741611514	8.98000000005e-006	9.124774e-007
18.9272250943	8.84000000001e-006	8.8624079e-007
19.0815368939	8.71000000002e-006	8.6070245e-007
19.2371067435	8.56999999999e-006	8.3591692e-007
19.3939450064	8.44e-006	8.1178285e-007
19.5520619146	8.31000000001e-006	7.8837416e-007
19.7114681777	8.18000000002e-006	7.6557362e-007
19.8721737411	8.05000000004e-006	7.4346662e-007
20.0341896584	7.92000000005e-006	7.219245e-007
20.1975265312	7.8e-006	7.0105068e-007
20.3621947982	7.67999999995e-006	6.8070346e-007
20.5282060747	7.56000000002e-006	6.6099612e-007
20.6955704785	7.43999999997e-006	6.4177792e-007
20.8642993075	7.32000000003e-006	6.2317543e-007
21.0344040599	7.21000000004e-006	6.0502886e-007
21.2058953552	7.08999999999e-006	5.8747175e-007
21.3787850649	6.97999999999e-006	5.7033779e-007
21.5530841615	6.86999999999e-006	5.5377055e-007
21.7288045396	6.75999999999e-006	5.3759604e-007
21.9059571499	6.65e-006	5.2196177e-007
22.0845542733	6.55000000005e-006	5.0669201e-007
22.2646076245	6.44000000005e-006	4.9194201e-007
22.4461287027	6.33999999999e-006	4.7753016e-007
22.6291300056	6.24000000005e-006	4.6361555e-007
22.8136230046	6.13999999999e-006	4.5001427e-007
22.9996201853	6.04000000004e-006	4.3688982e-007
23.1871342563	5.95000000003e-006	4.2405583e-007
23.3761763955	5.84999999997e-006	4.1167772e-007
23.5667601474	5.75999999997e-006	3.9956836e-007
23.7588979689	5.66999999996e-006	3.8789475e-007
23.952601592	5.57999999995e-006	3.7646964e-007
24.1478847783	5.49000000005e-006	3.6546216e-007
24.344760133	5.40000000004e-006	3.5468432e-007
24.5432409423	5.31000000004e-006	3.4430667e-007
24.7433397398	5.22999999997e-006	3.3414088e-007
24.9450697412	5.13999999996e-006	3.2435755e-007
25.1484443827	5.06e-006	3.1477173e-007
25.3534773302	4.98000000004e-006	3.0554696e-007
25.5601814348	4.89999999997e-006	2.9651006e-007
25.7685713343	4.82000000002e-006	2.8781073e-007
25.9786597819	4.73999999995e-006	2.7929258e-007
26.1904613529	4.67000000004e-006	2.7108898e-007
26.4039897753	4.58999999997e-006	2.6306007e-007
26.6192589931	4.51999999995e-006	2.5532632e-007
26.8362831743	4.45000000004e-006	2.4776044e-007
27.055076721	4.36999999998e-006	2.4046908e-007
27.2756542786	4.29999999996e-006	2.3333961e-007
27.4980301359	4.23000000005e-006	2.2646595e-007
27.7222188061	4.16999999997e-006	2.1974789e-007
27.9482350356	4.09999999995e-006	2.1326802e-007
28.1760944542	4.03000000004e-006	2.0693784e-007
28.4058116852	3.96999999996e-006	2.0083069e-007
28.6374015737	3.89999999995e-006	1.9486733e-007
28.870879196	3.83999999998e-006	1.8911102e-007
29.1062605529	3.78000000001e-006	1.8349279e-007
29.3435612456	3.72000000004e-006	1.780676e-007
29.5827964323	3.65999999996e-006	1.7277528e-007
29.8239822151	3.59999999999e-006	1.6766295e-007
30.0671342505	3.54000000002e-006	1.6296713e-007
30.312268442	3.47999999994e-006	1.5918324e-007
30.5594017042	3.41999999998e-006	1.5484734e-007
30.8085497378	3.36999999995e-006	1.5025834e-007
31.0597284741	3.30999999998e-006	1.4582924e-007
31.312955666	3.25999999995e-006	1.4151437e-007
31.5682470082	3.19999999998e-006	1.3733277e-007
31.82562004	3.14999999995e-006	1.3327484e-007
32.0850909656	3.10000000003e-006	1.2934057e-007
32.3466779077	3.05e-006	1.2551045e-007
32.6103976246	2.99999999998e-006	1.2179897e-007
32.8762662553	2.94999999995e-006	1.1820724e-007
33.1443036897	2.90999999997e-006	1.1471293e-007
33.4145257617	2.86000000005e-006	1.1131276e-007
33.6869512217	2.81000000002e-006	1.0802643e-007
33.9615982474	2.77000000004e-006	1.048291e-007
34.2384834368	2.72000000001e-006	1.0173115e-007
34.5176264713	2.68000000003e-006	9.871649e-008
34.7990454766	2.63e-006	9.5800934e-008
35.0827588642	2.59000000002e-006	9.2964825e-008
35.3687853438	2.55000000005e-006	9.0205537e-008
35.6571429097	2.50999999996e-006	8.7527924e-008
35.9478529392	2.46999999998e-006	8.4931864e-008
36.2409319842	2.43e-006	8.2416799e-008
36.5364010472	2.39000000002e-006	7.9966078e-008
36.83427828	2.35000000004e-006	7.7598805e-008
37.1345842938	2.30999999995e-006	7.5295621e-008
37.4373389595	2.26999999997e-006	7.3058941e-008
37.7425624807	2.24000000004e-006	7.0895361e-008
38.0502742394	2.19999999995e-006	6.8786671e-008
38.3604939017	2.15999999997e-006	6.6743823e-008
38.6732438423	2.13000000004e-006	6.4759254e-008
38.9885432238	2.1e-006	6.2828134e-008
39.3064126995	2.06000000003e-006	6.0964554e-008
39.6268745257	2.02999999999e-006	5.9150286e-008
39.9499475298	1.99000000001e-006	5.7388893e-008
40.2756559713	1.95999999997e-006	5.5688109e-008
40.6040193394	1.93000000004e-006	5.4025541e-008
40.9350600502	1.9e-006	5.2411081e-008
41.2687995559	1.86999999996e-006	5.0850406e-008
41.6052596458	1.84000000003e-006	4.9331432e-008
41.9444638788	1.80999999999e-006	4.7865886e-008
42.286433388	1.77999999995e-006	4.6429433e-008
42.6311910604	1.75000000002e-006	4.5051454e-008
42.9787586897	1.71999999998e-006	4.3702026e-008
43.329159899	1.69000000005e-006	4.2406275e-008
43.682418739	1.66999999995e-006	4.1137851e-008
44.0385565768	1.64000000002e-006	3.9912373e-008
44.397599808	1.60999999999e-006	3.8719942e-008
44.7595689464	1.59e-006	3.7567852e-008
45.1244896152	1.55999999996e-006	3.6445136e-008
45.4923846122	1.53000000003e-006	3.5355708e-008
45.8632787472	1.51000000004e-006	3.429779e-008
46.2371989939	1.49000000005e-006	3.3270692e-008
46.6141658863	1.46000000001e-006	3.2275851e-008
46.9942072191	1.44000000002e-006	3.1310774e-008
47.377345963	1.40999999998e-006	3.0374987e-008
47.7636090457	1.38999999999e-006	2.9466284e-008
48.1530201844	1.37e-006	2.8584707e-008
48.545607204	1.35000000001e-006	2.7731842e-008
48.9413946339	1.31999999997e-006	2.6901937e-008
49.3404093057	1.29999999998e-006	2.6096653e-008
49.7426765363	1.27999999999e-006	2.5315863e-008
50.1482240418	1.26e-006	2.4561016e-008
50.557077995	1.24000000001e-006	2.3827933e-008
50.9692649741	1.22000000002e-006	2.3109419e-008
51.3848119792	1.20000000003e-006	2.2421222e-008
51.8037486142	1.18000000005e-006	2.1747963e-008
52.2260984825	1.15999999994e-006	2.1096688e-008
52.6518943237	1.13999999996e-006	2.0465652e-008
53.0811582995	1.11999999997e-006	1.9849916e-008
53.5139241953	1.11000000003e-006	1.9258101e-008
53.9502195867	1.09000000004e-006	1.8678011e-008
54.3900700701	1.07000000005e-006	1.8121179e-008
54.8335063595	1.04999999995e-006	1.7576902e-008
55.2805597649	1.02999999996e-006	1.7050173e-008
55.7312547017	1.02000000002e-006	1.6537905e-008
56.1856284703	1.00000000003e-006	1.6039976e-008
56.6437038385	9.80000000039e-007	1.5557955e-008
57.1055141136	9.69999999989e-007	1.5090807e-008
57.5710906383	9.5e-007	1.4636176e-008
58.0404598838	9.39999999949e-007	1.4196455e-008
58.513659598	9.1999999996e-007	1.3769906e-008
58.9907144581	9.10000000021e-007	1.3358573e-008
59.471660636	8.90000000031e-007	1.2955431e-008
59.95652934	8.79999999981e-007	1.25657e-008
60.4453463738	8.59999999991e-007	1.2188553e-008
60.9381526411	8.50000000052e-007	1.1820834e-008
61.4349749342	8.40000000002e-007	1.1464662e-008
61.9358494868	8.20000000012e-007	1.1120205e-008
62.4408070165	8.09999999962e-007	1.0784732e-008
62.9498786344	8.00000000023e-007	1.0459697e-008
63.4631056074	7.80000000034e-007	1.0146e-008
63.9805137587	7.69999999983e-007	9.8390671e-009
64.5021390071	7.60000000044e-007	9.5440589e-009
65.0280179599	7.40000000055e-007	9.2553957e-009
65.5581879417	7.30000000004e-007	8.9772442e-009
66.0926764538	7.19999999954e-007	8.7063526e-009
66.6315218262	7.10000000015e-007	8.4439113e-009
67.1747631816	6.99999999965e-007	8.1890382e-009
67.7224330696	6.79999999975e-007	7.9422194e-009
68.2745681749	6.70000000036e-007	7.7032221e-009
68.8312019978	6.59999999986e-007	7.4707747e-009
69.3923762193	6.50000000046e-007	7.2459049e-009
69.9581255646	6.39999999996e-007	7.0267642e-009
70.5284892317	6.29999999946e-007	6.8154538e-009
71.1034990056	6.20000000007e-007	6.6092889e-009
71.6831993441	6.09999999956e-007	6.4102373e-009
72.2676273439	6.00000000017e-007	6.2171126e-009
72.8568163757	5.89999999967e-007	6.0301453e-009
73.4508131635	5.80000000028e-007	5.8468863e-009
74.0496479058	5.69999999978e-007	5.67154e-009
74.6533688371	5.60000000038e-007	5.5000449e-009
75.2620117212	5.49999999988e-007	5.3334104e-009
75.8756173538	5.40000000049e-007	5.1724171e-009
76.4942225206	5.29999999999e-007	5.0168878e-009
77.1178740298	5.19999999948e-007	4.8649115e-009
77.7466051391	5.10000000009e-007	4.7191345e-009
78.3804690892	4.99999999959e-007	4.5762493e-009
79.0194954059	4.9000000002e-007	4.438374e-009
79.6637339686	4.79999999969e-007	4.3043596e-009
80.3132254661	4.7000000003e-007	4.1738333e-009
80.9680111702	4.50000000041e-007	4.047523e-009
81.6281329602	4.5999999998e-007	1.9169949e-008
82.2936388106	4.50000000041e-007	1.8630933e-008
82.9645721603	4.50000000041e-007	1.8075142e-008
83.6409771436	4.3999999999e-007	1.7588199e-008
84.3228928833	4.3999999999e-007	1.7104352e-008
85.0103705384	4.30000000051e-007	1.6593939e-008
85.7034505766	4.30000000051e-007	1.6103851e-008
86.4021799163	4.20000000001e-007	1.5637935e-008
87.1066124373	4.09999999951e-007	1.5194637e-008
87.8167846364	4.09999999951e-007	1.4772379e-008
88.5327457619	4.00000000012e-007	1.4360285e-008
89.2545395775	3.89999999961e-007	1.3956922e-008
89.9822234667	3.89999999961e-007	1.3561464e-008
90.7158429754	3.80000000022e-007	1.317232e-008
91.4554375303	3.80000000022e-007	1.2790813e-008
92.20106734	3.69999999972e-007	1.2420323e-008
92.9527732735	3.69999999972e-007	1.2057353e-008
93.7106106292	3.60000000033e-007	1.1705047e-008
94.474621509	3.49999999982e-007	1.136268e-008
95.2448629578	3.49999999982e-007	1.1031249e-008
96.0213858632	3.40000000043e-007	1.0711717e-008
96.8042419591	3.40000000043e-007	1.040068e-008
97.5934761776	3.29999999993e-007	1.00992e-008
98.3891494814	3.29999999993e-007	9.8057875e-009
99.1913004797	3.20000000054e-007	9.5210043e-009
100.0	3.20000000054e-007	9.2447199e-009