      1.00000     0.957268
      1.07908     0.957617
      1.15816     0.957755
      1.23724     0.957740
      1.31632     0.957686
      1.39540     0.957491
      1.47447     0.957146
      1.55355     0.956689
      1.63263     0.956006
      1.71171     0.955020
      1.79079     0.953680
      1.86987     0.951629
      1.94895     0.948113
      2.02803     0.940900
      2.10711     0.816769
      2.18619     0.814785
      2.26527     0.849789
      2.34434     0.866694
      2.42342     0.875213
      2.50250     0.880251
      2.58158     0.882300
      2.66066     0.864656
      2.73974     0.880236
      2.81882     0.884742
      2.89790     0.887774
      2.97698     0.889354
      3.05606     0.884355
      3.13514     0.889964
      3.21421     0.892033
      3.29329     0.888983
      3.37237     0.892412
      3.45145     0.894560
      3.53053     0.896300
      3.60961     0.897849
      3.68869     0.899225
      3.76777     0.900504
      3.84685     0.901687
      3.92593     0.902789
      4.00500     0.903828
      4.08408     0.904814
      4.16316     0.905739
      4.24224     0.906627
      4.32132     0.907474
      4.40040     0.908273
      4.47948     0.909044
      4.55856     0.909783
      4.63764     0.910500
      4.71672     0.911186
      4.79580     0.911842
      4.87488     0.912479
      4.95395     0.913091
      5.03303     0.913690
      5.11211     0.914262
      5.19119     0.914817
      5.27027     0.915353
      5.34935     0.915874
      5.42843     0.916382
      5.50751     0.916875
      5.58659     0.917344
      5.66567     0.917808
      5.74474     0.918261
      5.82382     0.918695
      5.90290     0.919114
      5.98198     0.919527
      6.06106     0.919923
      6.14014     0.920313
      6.21922     0.920699
      6.29830     0.921049
      6.37738     0.921406
      6.45646     0.921760
      6.53554     0.922097
      6.61461     0.922416
      6.69369     0.922732
      6.77277     0.923050
      6.85185     0.923349
      6.93093     0.923633
      7.01001     0.923909
      7.08909     0.924194
      7.16817     0.924449
      7.24725     0.924698
      7.32633     0.924960
      7.40541     0.925191
      7.48448     0.925426
      7.56356     0.925644
      7.64264     0.925867
      7.72172     0.926072
      7.80080     0.926272
      7.87988     0.926455
      7.95896     0.926642
      8.03804     0.926818
      8.11712     0.926992
      8.19620     0.927147
      8.27528     0.927304
      8.35435     0.927449
      8.43343     0.927573
      8.51251     0.927696
      8.59159     0.927817
      8.67067     0.927941
      8.74975     0.928038
      8.82883     0.928144
      8.90791     0.928210
      8.98699     0.928289
      9.06607     0.928356
      9.14515     0.928411
      9.22422     0.928453
      9.30330     0.928482
      9.38238     0.928485
      9.46146     0.928482
      9.54054     0.928477
      9.61962     0.928461
      9.69870     0.928414
      9.77778     0.928370
      9.85686     0.928302
      9.93594     0.928258
      10.0150     0.928237
      10.0941     0.928183
      10.1732     0.928094
      10.2523     0.927988
      10.3313     0.927854
      10.4104     0.927682
      10.4895     0.927479
      10.5686     0.927236
      10.6476     0.926947
      10.7267     0.926612
      10.8058     0.926175
      10.8849     0.925684
      10.9640     0.925059
      11.0430     0.924332
      11.1221     0.923366
      11.2012     0.922193
      11.2803     0.920639
      11.3594     0.918228
      11.4384     0.915304
      11.5175     0.880608
      11.5966     0.797499
      11.6757     0.784373
      11.7548     0.795569
      11.8338     0.798799
      11.9129     0.798874
      11.9920     0.797992
      12.0711     0.795482
      12.1502     0.791458
      12.2292     0.785803
      12.3083     0.778598
      12.3874     0.767685
      12.4665     0.751888
      12.5455     0.729471
      12.6246     0.699390
      12.7037     0.666399
      12.7828     0.644297
      12.8619     0.664146
      12.9409     0.718360
      13.0200     0.772454
      13.0991     0.804639
      13.1782     0.821196
      13.2573     0.818310
      13.3363     0.777093
      13.4154     0.785459
      13.4945     0.796012
      13.5736     0.798648
      13.6527     0.800117
      13.7317     0.797902
      13.8108     0.791520
      13.8899     0.779467
      13.9690     0.779687
      14.0480     0.781918
      14.1271     0.783846
      14.2062     0.784196
      14.2853     0.784369
      14.3644     0.784424
      14.4434     0.784302
      14.5225     0.784114
      14.6016     0.783864
      14.6807     0.783453
      14.7598     0.782987
      14.8388     0.782496
      14.9179     0.782018
      14.9970     0.781643
      15.0761     0.781382
      15.1552     0.780960
      15.2342     0.780575
      15.3133     0.780222
      15.3924     0.780027
      15.4715     0.779843
      15.5506     0.779538
      15.6296     0.779317
      15.7087     0.779143
      15.7878     0.778924
      15.8669     0.778681
      15.9459     0.778402
      16.0250     0.778073
      16.1041     0.777750
      16.1832     0.777504
      16.2623     0.777229
      16.3413     0.776926
      16.4204     0.776394
      16.4995     0.775856
      16.5786     0.775557
      16.6577     0.775138
      16.7367     0.774573
      16.8158     0.773932
      16.8949     0.773251
      16.9740     0.772665
      17.0531     0.772046
      17.1321     0.771370
      17.2112     0.770621
      17.2903     0.769796
      17.3694     0.768905
      17.4484     0.767968
      17.5275     0.767103
      17.6066     0.766196
      17.6857     0.765218
      17.7648     0.764172
      17.8438     0.763031
      17.9229     0.761778
      18.0020     0.760405
      18.0811     0.759112
      18.1602     0.757825
      18.2392     0.756203
      18.3183     0.754433
      18.3974     0.752754
      18.4765     0.750984
      18.5556     0.749043
      18.6346     0.747004
      18.7137     0.744948
      18.7928     0.742683
      18.8719     0.740055
      18.9510     0.737321
      19.0300     0.734580
      19.1091     0.731613
      19.1882     0.728377
      19.2673     0.724865
      19.3463     0.721034
      19.4254     0.716855
      19.5045     0.712277
      19.5836     0.707434
      19.6627     0.702375
      19.7417     0.696928
      19.8208     0.691137
      19.8999     0.684644
      19.9790     0.677180
      20.0581     0.668874
      20.1371     0.659584
      20.2162     0.649327
      20.2953     0.638304
      20.3744     0.625766
      20.4535     0.610923
      20.5325     0.594170
      20.6116     0.577152
      20.6907     0.557967
      20.7698     0.534845
      20.8488     0.508497
      20.9279     0.478850
      21.0070     0.445862
      21.0861     0.410833
      21.1652     0.374545
      21.2442     0.339373
      21.3233     0.308443
      21.4024     0.284878
      21.4815     0.274082
      21.5606     0.280867
      21.6396     0.303728
      21.7187     0.340783
      21.7978     0.391684
      21.8769     0.447952
      21.9560     0.500139
      22.0350     0.546375
      22.1141     0.588247
      22.1932     0.625623
      22.2723     0.656210
      22.3514     0.679017
      22.4304     0.697552
      22.5095     0.713758
      22.5886     0.726921
      22.6677     0.736805
      22.7467     0.744162
      22.8258     0.750048
      22.9049     0.755022
      22.9840     0.758727
      23.0631     0.761285
      23.1421     0.763084
      23.2212     0.764217
      23.3003     0.764681
      23.3794     0.764608
      23.4585     0.764235
      23.5375     0.763544
      23.6166     0.762543
      23.6957     0.761297
      23.7748     0.759874
      23.8539     0.758299
      23.9329     0.756648
      24.0120     0.754916
      24.0911     0.753137
      24.1702     0.751335
      24.2492     0.749512
      24.3283     0.747672
      24.4074     0.745720
      24.4865     0.743656
      24.5656     0.741532
      24.6446     0.739432
      24.7237     0.737156
      24.8028     0.734539
      24.8819     0.731631
      24.9610     0.728409
      25.0400     0.724677
      25.1191     0.720628
      25.1982     0.716468
      25.2773     0.712111
      25.3564     0.707434
      25.4354     0.702844
      25.5145     0.697908
      25.5936     0.692343
      25.6727     0.685967
      25.7518     0.679077
      25.8308     0.671614
      25.9099     0.663518
      25.9890     0.654819
      26.0681     0.645981
      26.1471     0.636370
      26.2262     0.625294
      26.3053     0.612347
      26.3844     0.598040
      26.4635     0.583504
      26.5425     0.567905
      26.6216     0.550690
      26.7007     0.531661
      26.7798     0.510513
      26.8589     0.487026
      26.9379     0.460877
      27.0170     0.431725
      27.0961     0.400419
      27.1752     0.366790
      27.2543     0.329788
      27.3333     0.287880
      27.4124     0.242195
      27.4915     0.194423
      27.5706     0.146577
      27.6497     0.101241
      27.7287    0.0626318
      27.8078    0.0358797
      27.8869    0.0229949
      27.9660    0.0270445
      28.0450    0.0499213
      28.1241    0.0892166
      28.2032     0.138325
      28.2823     0.189568
      28.3614     0.241569
      28.4404     0.292688
      28.5195     0.341066
      28.5986     0.382914
      28.6777     0.418127
      28.7568     0.446837
      28.8358     0.468956
      28.9149     0.485623
      28.9940     0.497133
      29.0731     0.503675
      29.1522     0.506605
      29.2312     0.505951
      29.3103     0.501696
      29.3894     0.494097
      29.4685     0.482603
      29.5475     0.467643
      29.6266     0.449836
      29.7057     0.428420
      29.7848     0.403775
      29.8639     0.377373
      29.9429     0.348701
      30.0220     0.317855
      30.1011     0.286057
      30.1802     0.253684
      30.2593     0.222556
      30.3383     0.194768
      30.4174     0.171370
      30.4965     0.155939
      30.5756     0.151347
      30.6547     0.157943
      30.7337     0.176411
      30.8128     0.206475
      30.8919     0.245757
      30.9710     0.289775
      31.0501     0.336158
      31.1291     0.375495
      31.2082     0.411238
      31.2873     0.444357
      31.3664     0.474848
      31.4454     0.500440
      31.5245     0.521818
      31.6036     0.537824
      31.6827     0.548537
      31.7618     0.555850
      31.8408     0.558603
      31.9199     0.556916
      31.9990     0.552435
      32.0781     0.543701
      32.1572     0.532155
      32.2362     0.518491
      32.3153     0.501321
      32.3944     0.478311
      32.4735     0.450996
      32.5526     0.418974
      32.6316     0.381759
      32.7107     0.342952
      32.7898     0.300495
      32.8689     0.254557
      32.9479     0.211928
      33.0270     0.173123
      33.1061     0.140331
      33.1852     0.118663
      33.2643     0.115377
      33.3433     0.131800
      33.4224     0.165828
      33.5015     0.212289
      33.5806     0.263871
      33.6597     0.314056
      33.7387     0.360161
      33.8178     0.399233
      33.8969     0.429968
      33.9760     0.455747
      34.0551     0.477051
      34.1341     0.490217
      34.2132     0.498847
      34.2923     0.503779
      34.3714     0.502821
      34.4505     0.498804
      34.5295     0.493084
      34.6086     0.484101
      34.6877     0.472771
      34.7668     0.461095
      34.8458     0.446009
      34.9249     0.426816
      35.0040     0.407405
      35.0831     0.386149
      35.1622     0.361169
      35.2412     0.336166
      35.3203     0.310544
      35.3994     0.282859
      35.4785     0.257767
      35.5576     0.235596
      35.6366     0.214329
      35.7157     0.194968
      35.7948     0.185427
      35.8739     0.185796
      35.9530     0.194766
      36.0320     0.213645
      36.1111     0.241368
      36.1902     0.271689
      36.2693     0.304678
      36.3483     0.343185
      36.4274     0.378900
      36.5065     0.409146
      36.5856     0.436491
      36.6647     0.459516
      36.7437     0.476433
      36.8228     0.490384
      36.9019     0.503311
      36.9810     0.509860
      37.0601     0.510645
      37.1391     0.508696
      37.2182     0.500185
      37.2973     0.483206
      37.3764     0.460673
      37.4555     0.430461
      37.5345     0.384717
      37.6136     0.326764
      37.6927     0.261173
      37.7718     0.188810
      37.8508     0.125302
      37.9299    0.0937453
      38.0090     0.107186
      38.0881     0.160467
      38.1672     0.236545
      38.2462     0.321796
      38.3253     0.398863
      38.4044     0.459576
      38.4835     0.508379
      38.5626     0.544953
      38.6416     0.566052
      38.7207     0.576636
      38.7998     0.580917
      38.8789     0.575197
      38.9580     0.558812
      39.0370     0.535407
      39.1161     0.501948
      39.1952     0.452002
      39.2743     0.387312
      39.3534     0.308844
      39.4324     0.215568
      39.5115     0.127917
      39.5906    0.0827917
      39.6697    0.0998920
      39.7487     0.163209
      39.8278     0.246850
      39.9069     0.333111
      39.9860     0.411293
      40.0651     0.467819
      40.1441     0.504040
      40.2232     0.527709
      40.3023     0.534606
      40.3814     0.527730
      40.4605     0.514178
      40.5395     0.493084
      40.6186     0.458309
      40.6977     0.408426
      40.7768     0.353301
      40.8559     0.290945
      40.9349     0.227142
      41.0140     0.185315
      41.0931     0.169073
      41.1722     0.177596
      41.2513     0.205291
      41.3303     0.250957
      41.4094     0.303743
      41.4885     0.344890
      41.5676     0.372433
      41.6466     0.394168
      41.7257     0.407781
      41.8048     0.410831
      41.8839     0.409492
      41.9630     0.409470
      42.0420     0.405876
      42.1211     0.394884
      42.2002     0.381319
      42.2793     0.367980
      42.3584     0.346056
      42.4374     0.311268
      42.5165     0.272445
      42.5956     0.234894
      42.6747     0.200106
      42.7538     0.182402
      42.8328     0.198169
      42.9119     0.246489
      42.9910     0.307979
      43.0701     0.368556
      43.1492     0.425063
      43.2282     0.470061
      43.3073     0.493857
      43.3864     0.499876
      43.4655     0.495489
      43.5445     0.474491
      43.6236     0.428541
      43.7027     0.359798
      43.7818     0.274880
      43.8609     0.179873
      43.9399     0.108210
      44.0190     0.109576
      44.0981     0.195016
      44.1772     0.317933
      44.2563     0.419128
      44.3353     0.486190
      44.4144     0.529047
      44.4935     0.546342
      44.5726     0.538048
      44.6517     0.508865
      44.7307     0.462139
      44.8098     0.388040
      44.8889     0.280006
      44.9680     0.164567
      45.0470    0.0980306
      45.1261     0.128285
      45.2052     0.229462
      45.2843     0.336746
      45.3634     0.422902
      45.4424     0.479448
      45.5215     0.501298
      45.6006     0.494942
      45.6797     0.471225
      45.7588     0.429668
      45.8378     0.363373
      45.9169     0.276943
      45.9960     0.201561
      46.0751     0.170438
      46.1542     0.194156
      46.2332     0.250186
      46.3123     0.306322
      46.3914     0.354062
      46.4705     0.380672
      46.5495     0.383641
      46.6286     0.373571
      46.7077     0.361025
      46.7868     0.346527
      46.8659     0.328162
      46.9449     0.311577
      47.0240     0.303485
      47.1031     0.297106
      47.1822     0.277976
      47.2613     0.249027
      47.3403     0.230530
      47.4194     0.236123
      47.4985     0.263124
      47.5776     0.304854
      47.6567     0.354239
      47.7357     0.403518
      47.8148     0.437416
      47.8939     0.441554
      47.9730     0.415048
      48.0521     0.363065
      48.1311     0.282462
      48.2102     0.182010
      48.2893     0.124727
      48.3684     0.172249
      48.4474     0.294054
      48.5265     0.411107
      48.6056     0.479578
      48.6847     0.506305
      48.7638     0.503572
      48.8428     0.466016
      48.9219     0.378771
      49.0010     0.249051
      49.0801     0.124149
      49.1592    0.0942627
      49.2382     0.197518
      49.3173     0.338298
      49.3964     0.441340
      49.4755     0.497943
      49.5546     0.514843
      49.6336     0.486743
      49.7127     0.409007
      49.7918     0.290770
      49.8709     0.165678
      49.9500     0.111273
      50.0290     0.184274
      50.1081     0.304057
      50.1872     0.395073
      50.2663     0.447896
      50.3453     0.461198
      50.4244     0.434328
      50.5035     0.374098
      50.5826     0.295371
      50.6617     0.217446
      50.7407     0.170836
      50.8198     0.184511
      50.8989     0.242257
      50.9780     0.309593
      51.0571     0.367959
      51.1361     0.396863
      51.2152     0.392202
      51.2943     0.362350
      51.3734     0.318810
      51.4525     0.267122
      51.5315     0.214093
      51.6106     0.187337
      51.6897     0.210366
      51.7688     0.274296
      51.8478     0.349164
      51.9269     0.401101
      52.0060     0.413374
      52.0851     0.387315
      52.1642     0.329992
      52.2432     0.246490
      52.3223     0.167644
      52.4014     0.168975
      52.4805     0.255094
      52.5596     0.355557
      52.6386     0.423549
      52.7177     0.438694
      52.7968     0.402437
      52.8759     0.321041
      52.9550     0.218051
      53.0340     0.148237
      53.1131     0.176985
      53.1922     0.276241
      53.2713     0.361782
      53.3503     0.405895
      53.4294     0.413083
      53.5085     0.381462
      53.5876     0.307506
      53.6667     0.211967
      53.7457     0.156441
      53.8248     0.188096
      53.9039     0.275514
      53.9830     0.356188
      54.0621     0.393316
      54.1411     0.382192
      54.2202     0.335016
      54.2993     0.263729
      54.3784     0.192406
      54.4575     0.178678
      54.5365     0.235652
      54.6156     0.313883
      54.6947     0.374551
      54.7738     0.401686
      54.8529     0.382307
      54.9319     0.309138
      55.0110     0.202731
      55.0901     0.140746
      55.1692     0.191863
      55.2482     0.306860
      55.3273     0.394375
      55.4064     0.423130
      55.4855     0.393716
      55.5646     0.313510
      55.6436     0.204924
      55.7227     0.136753
      55.8018     0.201111
      55.8809     0.330050
      55.9600     0.403883
      56.0390     0.408853
      56.1181     0.355677
      56.1972     0.251177
      56.2763     0.157304
      56.3554     0.175843
      56.4344     0.278169
      56.5135     0.360914
      56.5926     0.394414
      56.6717     0.376457
      56.7508     0.304477
      56.8298     0.201608
      56.9089     0.153605
      56.9880     0.212752
      57.0671     0.308766
      57.1461     0.374842
      57.2252     0.386921
      57.3043     0.337094
      57.3834     0.234859
      57.4625     0.148857
      57.5415     0.175027
      57.6206     0.278819
      57.6997     0.366936
      57.7788     0.397600
      57.8579     0.360624
      57.9369     0.261317
      58.0160     0.154752
      58.0951     0.156220
      58.1742     0.275673
      58.2533     0.376201
      58.3323     0.394876
      58.4114     0.326420
      58.4905     0.201919
      58.5696     0.141614
      58.6486     0.212380
      58.7277     0.320216
      58.8068     0.377267
      58.8859     0.362498
      58.9650     0.282256
      59.0440     0.183688
      59.1231     0.156072
      59.2022     0.225312
      59.2813     0.316070
      59.3604     0.366456
      59.4394     0.356024
      59.5185     0.280274
      59.5976     0.176569
      59.6767     0.159540
      59.7558     0.251172
      59.8348     0.343757
      59.9139     0.375195
      59.9930     0.324538
      60.0721     0.197660
      60.1511     0.144206
      60.2302     0.259066
      60.3093     0.362137
      60.3884     0.373893
      60.4675     0.293817
      60.5465     0.169846
      60.6256     0.147712
      60.7047     0.272580
      60.7838     0.370886
      60.8629     0.377857
      60.9419     0.301029
      61.0210     0.174925
      61.1001     0.137506
      61.1792     0.247042
      61.2583     0.350610
      61.3373     0.367320
      61.4164     0.297336
      61.4955     0.186347
      61.5746     0.146427
      61.6537     0.223482
      61.7327     0.314737
      61.8118     0.349824
      61.8909     0.310994
      61.9700     0.207885
      62.0490     0.152613
      62.1281     0.246976
      62.2072     0.344474
      62.2863     0.351441
      62.3654     0.263267
      62.4444     0.138856
      62.5235     0.150566
      62.6026     0.286599
      62.6817     0.370950
      62.7608     0.348470
      62.8398     0.232222
      62.9189     0.138110
      62.9980     0.214026
      63.0771     0.317308
      63.1562     0.322664
      63.2352     0.240349
      63.3143     0.155638
      63.3934     0.202088
      63.4725     0.303266
      63.5516     0.337523
      63.6306     0.297207
      63.7097     0.203110
      63.7888     0.149392
      63.8679     0.216662
      63.9469     0.308709
      64.0260     0.332020
      64.1051     0.258901
      64.1842     0.135622
      64.2633     0.175223
      64.3423     0.336373
      64.4214     0.397695
      64.5005     0.314083
      64.5796     0.129318
      64.6587     0.166632
      64.7377     0.334891
      64.8168     0.367491
      64.8959     0.250491
      64.9750    0.0979979
      65.0541     0.188552
      65.1331     0.335673
      65.2122     0.351274
      65.2913     0.245979
      65.3704     0.151567
      65.4494     0.221813
      65.5285     0.302941
      65.6076     0.295152
      65.6867     0.226651
      65.7658     0.170039
      65.8448     0.177107
      65.9239     0.237863
      66.0030     0.288419
      66.0821     0.260163
      66.1612     0.157460
      66.2402     0.178809
      66.3193     0.329898
      66.3984     0.370088
      66.4775     0.236675
      66.5566     0.113934
      66.6356     0.287834
      66.7147     0.388728
      66.7938     0.304173
      66.8729     0.104662
      66.9520     0.154106
      67.0310     0.322004
      67.1101     0.331228
      67.1892     0.189126
      67.2683    0.0963108
      67.3474     0.235425
      67.4264     0.325731
      67.5055     0.277288
      67.5846     0.175657
      67.6637     0.190133
      67.7427     0.275923
      67.8218     0.304206
      67.9009     0.261836
      67.9800     0.186655
      68.0591     0.196238
      68.1381     0.287837
      68.2172     0.300433
      68.2963     0.181633
      68.3754     0.112894
      68.4545     0.243973
      68.5335     0.310812
      68.6126     0.210603
      68.6917    0.0724700
      68.7708     0.189550
      68.8499     0.312016
      68.9289     0.246877
      69.0080    0.0927387
      69.0871     0.205325
      69.1662     0.327689
      69.2452     0.262624
      69.3243     0.140237
      69.4034     0.234667
      69.4825     0.328557
      69.5616     0.294265
      69.6406     0.191444
      69.7197     0.208623
      69.7988     0.315038
      69.8779     0.328724
      69.9570     0.223431
      70.0360     0.177580
      70.1151     0.303553
      70.1942     0.343200
      70.2733     0.224754
      70.3524     0.150890
      70.4314     0.289695
      70.5105     0.329776
      70.5896     0.197270
      70.6687     0.135280
      70.7477     0.271432
      70.8268     0.282147
      70.9059     0.144158
      70.9850     0.123659
      71.0641     0.243079
      71.1431     0.231317
      71.2222     0.100597
      71.3013     0.100548
      71.3804     0.214015
      71.4595     0.194119
      71.5385    0.0629122
      71.6176    0.0858231
      71.6967     0.188001
      71.7758     0.144701
      71.8549    0.0327448
      71.9339    0.0803566
      72.0130     0.148497
      72.0921    0.0935156
      72.1712    0.0218089
      72.2503    0.0635140
      72.3293     0.104303
      72.4084    0.0670903
      72.4875    0.0156986
      72.5666    0.0407359
      72.6456    0.0875354
      72.7247    0.0620875
      72.8038   0.00409901
      72.8829    0.0437122
      72.9620    0.0967859
      73.0410    0.0383766
      73.1201   0.00727184
      73.1992    0.0836300
      73.2783    0.0754458
      73.3574   0.00428647
      73.4364    0.0409468
      73.5155    0.0762838
      73.5946    0.0295091
      73.6737   0.00148220
      73.7528    0.0342933
      73.8318    0.0396678
      73.9109    0.0115332
      73.9900   0.00120084
      74.0691    0.0150499
      74.1481    0.0285045
      74.2272    0.0193172
      74.3063  0.000722337
      74.3854    0.0204275
      74.4645    0.0487932
      74.5435    0.0283205
      74.6226   0.00912485
      74.7017    0.0456918
      74.7808    0.0594335
      74.8599    0.0227139
      74.9389    0.0201400
      75.0180    0.0520541
      75.0971    0.0403184
      75.1762   0.00894410
      75.2553    0.0177249
      75.3343    0.0307301
      75.4134    0.0149922
      75.4925  0.000855155
      75.5716   0.00585744
      75.6507    0.0142058
      75.7297    0.0135669
      75.8088   0.00399987
      75.8879   0.00606695
      75.9670    0.0260296
      76.0460    0.0268518
      76.1251    0.0109604
      76.2042    0.0237580
      76.2833    0.0416067
      76.3624    0.0257271
      76.4414    0.0148503
      76.5205    0.0319409
      76.5996    0.0328589
      76.6787    0.0133676
      76.7578    0.0103606
      76.8368    0.0205866
      76.9159    0.0167278
      76.9950   0.00482185
      77.0741   0.00375133
      77.1532    0.0113104
      77.2322    0.0135862
      77.3113   0.00686332
      77.3904   0.00489609
      77.4695    0.0159455
      77.5485    0.0218038
      77.6276    0.0128495
      77.7067    0.0111585
      77.7858    0.0246166
      77.8649    0.0244560
      77.9439    0.0119137
      78.0230    0.0174903
      78.1021    0.0249457
      78.1812    0.0142584
      78.2603   0.00857750
      78.3393    0.0164613
      78.4184    0.0152712
      78.4975   0.00719232
      78.5766   0.00535829
      78.6557   0.00858945
      78.7347   0.00921486
      78.8138   0.00639388
      78.8929   0.00503733
      78.9720   0.00697481
      79.0510   0.00894275
      79.1301   0.00855116
      79.2092   0.00761141
      79.2883   0.00958232
      79.3674    0.0121809
      79.4464    0.0114201
      79.5255   0.00950839
      79.6046    0.0105214
      79.6837    0.0121409
      79.7628    0.0102910
      79.8418   0.00753550
      79.9209   0.00761971
      80.0000   0.00824809
