      68.4317      127.087
      35.8163      66.5161
      30.0786      55.8603
      27.0763      50.2846
      25.1076      46.6285
      23.6708      43.9601
      22.5537      41.8855
      21.6480      40.2034
      20.8913      38.7982
      20.2449      37.5977
      19.6830      36.5541
      19.1876      35.6341
      18.7459      34.8137
      18.3482      34.0753
      17.9874      33.4052
      17.6577      32.7928
      17.3546      32.2300
      17.0745      31.7098
      16.8145      31.2269
      16.5721      30.7768
      16.3454      30.3557
      16.1325      29.9603
      15.9320      29.5881
      15.7428      29.2366
      15.5637      28.9040
      15.3938      28.5885
      15.2323      28.2885
      15.0784      28.0028
      14.9316      27.7301
      14.7913      27.4695
      14.6570      27.2201
      14.5282      26.9810
      14.4046      26.7514
      14.2858      26.5307
      14.1714      26.3184
      14.0613      26.1138
      13.9550      25.9165
      13.8524      25.7260
      13.7533      25.5419
      13.6574      25.3638
      13.5646      25.1915
      13.4747      25.0245
      13.3876      24.8626
      13.3030      24.7055
      13.2208      24.5530
      13.1410      24.4048
      13.0635      24.2607
      12.9880      24.1205
      12.9145      23.9841
      12.8430      23.8512
      12.7732      23.7217
      12.7053      23.5955
      12.6390      23.4723
      12.5742      23.3522
      12.5111      23.2348
      12.4493      23.1202
      12.3890      23.0082
      12.3301      22.8987
      12.2724      22.7916
      12.2160      22.6868
      12.1608      22.5843
      12.1067      22.4839
      12.0538      22.3856
      12.0019      22.2892
      11.9510      22.1948
      11.9012      22.1022
      11.8523      22.0114
      11.8044      21.9224
      11.7573      21.8350
      11.7111      21.7492
      11.6658      21.6650
      11.6212      21.5823
      11.5775      21.5011
      11.5345      21.4213
      11.4923      21.3428
      11.4508      21.2657
      11.4099      21.1899
      11.3698      21.1153
      11.3303      21.0420
      11.2914      20.9698
      11.2532      20.8988
      11.2156      20.8289
      11.1785      20.7601
      11.1420      20.6924
      11.1061      20.6257
      11.0707      20.5599
      11.0359      20.4952
      11.0015      20.4314
      10.9677      20.3685
      10.9343      20.3065
      10.9014      20.2454
      10.8689      20.1852
      10.8370      20.1258
      10.8054      20.0672
      10.7743      20.0094
      10.7436      19.9523
      10.7133      19.8961
      10.6834      19.8405
      10.6539      19.7857
      10.6247      19.7316
      10.5960      19.6782
      10.5676      19.6255
      10.5395      19.5734
      10.5118      19.5219
      10.4844      19.4711
      10.4574      19.4209
      10.4307      19.3713
      10.4043      19.3223
      10.3783      19.2739
      10.3525      19.2260
      10.3270      19.1787
      10.3018      19.1320
      10.2769      19.0857
      10.2523      19.0400
      10.2280      18.9948
      10.2039      18.9501
      10.1801      18.9059
      10.1566      18.8622
      10.1333      18.8189
      10.1102      18.7761
      10.0874      18.7338
      10.0649      18.6919
      10.0426      18.6505
      10.0205      18.6094
      9.99859      18.5688
      9.97695      18.5286
      9.95553      18.4888
      9.93432      18.4494
      9.91332      18.4104
      9.89253      18.3718
      9.87194      18.3336
      9.85155      18.2957
      9.83136      18.2582
      9.81136      18.2211
      9.79155      18.1843
      9.77193      18.1479
      9.75249      18.1118
      9.73323      18.0760
      9.71416      18.0406
      9.69525      18.0055
      9.67652      17.9707
      9.65795      17.9362
      9.63955      17.9020
      9.62132      17.8682
      9.60325      17.8346
      9.58533      17.8013
      9.56757      17.7683
      9.54997      17.7357
      9.53251      17.7032
      9.51521      17.6711
      9.49805      17.6392
      9.48104      17.6076
      9.46417      17.5763
      9.44744      17.5452
      9.43085      17.5144
      9.41439      17.4839
      9.39807      17.4536
      9.38188      17.4235
      9.36582      17.3937
      9.34989      17.3641
      9.33408      17.3347
      9.31840      17.3056
      9.30285      17.2767
      9.28741      17.2481
      9.27210      17.2196
      9.25690      17.1914
      9.24182      17.1634
      9.22685      17.1356
      9.21200      17.1080
      9.19726      17.0806
      9.18263      17.0535
      9.16811      17.0265
      9.15370      16.9997
      9.13939      16.9731
      9.12518      16.9468
      9.11108      16.9206
      9.09709      16.8946
      9.08319      16.8688
      9.06939      16.8432
      9.05569      16.8177
      9.04209      16.7924
      9.02858      16.7674
      9.01516      16.7424
      9.00184      16.7177
      8.98862      16.6931
      8.97548      16.6687
      8.96243      16.6445
      8.94947      16.6204
      8.93660      16.5965
      8.92382      16.5728
      8.91112      16.5492
      8.89850      16.5258
      8.88597      16.5025
      8.87352      16.4794
      8.86116      16.4564
      8.84887      16.4336
      8.83666      16.4109
      8.82454      16.3884
      8.81249      16.3660
      8.80052      16.3438
