       16.343810        8.800515
       16.366050        8.812487
       16.388430        8.824536
       16.410950        8.836664
       16.433620        8.848870
       16.456430        8.861156
       16.479400        8.873523
       16.502520        8.885972
       16.525790        8.898502
       16.549220        8.911118
       16.572800        8.923816
       16.596540        8.936601
       16.620450        8.949471
       16.644510        8.962431
       16.668750        8.975478
       16.693140        8.988615
       16.717710        9.001843
       16.742450        9.015163
       16.767360        9.028577
       16.792440        9.042086
       16.817710        9.055689
       16.843150        9.069389
       16.868780        9.083188
       16.894590        9.097086
       16.920590        9.111085
       16.946770        9.125184
       16.973150        9.139388
       16.999720        9.153695
       17.026490        9.168111
       17.053460        9.182631
       17.080630        9.197262
       17.108000        9.212002
       17.135590        9.226854
       17.163380        9.241820
       17.191390        9.256901
       17.219610        9.272098
       17.248050        9.287413
       17.276720        9.302847
       17.305610        9.318403
       17.334720        9.334083
       17.364080        9.349887
       17.393660        9.365818
       17.423490        9.381878
       17.453550        9.398067
       17.483870        9.414389
       17.514430        9.430845
       17.545240        9.447437
       17.576310        9.464168
       17.607640        9.481038
       17.639240        9.498052
       17.671100        9.515209
       17.703240        9.532514
       17.735650        9.549968
       17.768350        9.567573
       17.801330        9.585331
       17.834600        9.603246
       17.868160        9.621319
       17.902030        9.639553
       17.936200        9.657951
       17.970670        9.676517
       18.005460        9.695250
       18.040570        9.714155
       18.076010        9.733234
       18.111770        9.752493
       18.147870        9.771931
       18.184310        9.791553
       18.221100        9.811360
       18.258240        9.831359
       18.295740        9.851551
       18.333600        9.871939
       18.371840        9.892527
       18.410450        9.913319
       18.449450        9.934318
       18.488830        9.955526
       18.528620        9.976951
       18.568820        9.998594
       18.609420       10.020460
       18.650450       10.042550
       18.691910       10.064880
       18.733810       10.087430
       18.776150       10.110230
       18.818940       10.133280
       18.862200       10.156570
       18.905930       10.180110
       18.950130       10.203920
       18.994830       10.227990
       19.040040       10.252330
       19.085740       10.276940
       19.131980       10.301830
       19.178740       10.327010
       19.226040       10.352490
       19.273900       10.378260
       19.322330       10.404330
       19.371330       10.430720
       19.420930       10.457420
       19.471120       10.484450
       19.521930       10.511810
       19.573370       10.539510
       19.625460       10.567560
       19.678200       10.595960
       19.731620       10.624720
       19.785730       10.653850
       19.840540       10.683370
       19.896070       10.713270
       19.952340       10.743570
       20.009370       10.774280
       20.067170       10.805400
       20.125770       10.836950
       20.185180       10.868940
       20.245430       10.901380
       20.306530       10.934280
       20.368510       10.967660
       20.431380       11.001510
       20.495180       11.035870
       20.559930       11.070730
       20.625650       11.106120
       20.692380       11.142050
       20.760130       11.178530
       20.828930       11.215580
       20.898820       11.253210
       20.969830       11.291450
       21.041990       11.330300
       21.115340       11.369800
       21.189890       11.409940
       21.265710       11.450770
       21.342820       11.492290
       21.421260       11.534520
       21.501070       11.577500
       21.582310       11.621240
       21.665000       11.665770
       21.749210       11.711120
       21.834990       11.757300
       21.922370       11.804350
       22.011430       11.852310
       22.102210       11.901190
       22.194790       11.951040
       22.289210       12.001880
       22.385560       12.053760
       22.483890       12.106710
       22.584300       12.160770
       22.686840       12.215990
       22.791610       12.272410
       22.898700       12.330070
       23.008200       12.389030
       23.120210       12.449340
       23.234820       12.511060
       23.352160       12.574240
       23.472340       12.638960
       23.595490       12.705260
       23.721740       12.773240
       23.851220       12.842970
       23.984100       12.914520
       24.120540       12.987980
       24.260700       13.063460
       24.404790       13.141040
       24.552980       13.220840
       24.705510       13.302970
       24.862600       13.387550
       25.024500       13.474730
       25.191480       13.564640
       25.363840       13.657450
       25.541880       13.753320
       25.725970       13.852440
       25.916460       13.955020
       26.113780       14.061260
       26.318370       14.171430
       26.530720       14.285770
       26.751380       14.404590
       26.980960       14.528210
       27.220100       14.656980
       27.469550       14.791300
       27.730130       14.931610
       28.002770       15.078410
       28.288480       15.232260
       28.588460       15.393790
       28.904010       15.563690
       29.236640       15.742800
       29.588070       15.932040
       29.960310       16.132480
       30.355660       16.345360
       30.776810       16.572130
       31.226940       16.814500
       31.709810       17.074510
       32.229950       17.354590
       32.792830       17.657680
       33.405150       17.987390
       34.075280       18.348220
       34.813730       18.745860
       35.634070       19.187580
       36.554080       19.682970
       37.597720       20.244920
       38.798210       20.891340
       40.203410       21.647990
       41.885490       22.553720
       43.960100       23.670820
       46.628460       25.107630
       50.284600       27.076320
       55.860320       30.078630
       66.516080       35.816350
      127.087400       68.431700
