ener, rt Area, distib area (each one for  5 off axis angles)
      1.0000000      5.0271449      3.5196691      1.9935753      1.2359099      0.8666075      5.0462246      3.5316432      2.0170567      0.5031751     -0.9338791
      2.0000000      5.0632973      3.5448809      2.0077925      1.2447559      0.8728210      5.0852857      3.5589302      2.0325544      0.5068702     -0.9635568
      3.0000000      5.0377789      3.5266860      1.9972234      1.2382497      0.8682403      5.0729275      3.5500927      2.0271771      0.5056333     -0.9556657
      4.0000000      5.0546274      3.5382166      2.0035489      1.2422256      0.8710270      5.0884662      3.5608232      2.0330498      0.5071766     -0.9541083
      5.0000000      5.0662351      3.5460055      2.0076849      1.2448578      0.8728671      5.0982413      3.5674884      2.0365388      0.5082308     -0.9391795
      6.0000000      5.0736146      3.5507324      2.0099833      1.2463723      0.8739185      5.1041780      3.5714250      2.0383801      0.5089775     -0.8687982
      7.0000000      5.0784197      3.5535207      2.0110295      1.2471454      0.8744438      5.1077824      3.5736737      2.0391400      0.5096261     -0.8585939
      8.0000000      5.0814595      3.5548835      2.0109837      1.2473130      0.8745342      5.1098089      3.5747499      2.0390615      0.5103096     -0.7785290
      9.0000000      5.0831680      3.5550375      2.0100288      1.2469274      0.8742368      5.1106710      3.5749161      2.0381339      0.5108423     -0.6531779
     10.0000000      5.0833802      3.5536430      2.0082958      1.2460481      0.8735850      5.1101689      3.5739808      2.0358715      0.5121570     -0.4578600
     11.0000000      5.0823565      3.5495467      2.0049572      1.2444769      0.8724189      5.1085238      3.5720141      2.0327969      0.5138208     -0.0984406
     12.0000000      4.9884362      3.4705436      1.9429091      1.2097653      0.8474458      5.0273147      3.5080225      1.9792191      0.5167114      0.8083510
     13.0000000      4.9868469      3.4650378      1.9314638      1.2045391      0.8435390      5.0246553      3.5026109      1.9694297      0.5196080      0.7577542
     14.0000000      4.8938394      3.3766203      1.8535419      1.1622847      0.8129476      4.9430823      3.4317536      1.9007882      0.5115020      1.0578591
     15.0000000      4.8845797      3.3608234      1.8345466      1.1523422      0.8056892      4.9375901      3.4219584      1.8829607      0.5035840      0.8860041
     16.0000000      4.8396354      3.3309960      1.8071452      1.1374011      0.7948758      4.9210634      3.4007988      1.8551842      0.4933909      0.8983223
     17.0000000      4.8793607      3.2941380      1.7805450      1.1214414      0.7834198      4.8938293      3.3752542      1.8267388      0.4833184      1.1251816
     18.0000000      4.8529167      3.2505333      1.7558798      1.1054137      0.7722655      4.8688107      3.3430672      1.7985442      0.4745754      1.6910254
     19.0000000      4.8206425      3.2000346      1.7338511      1.0902805      0.7616010      4.8377991      3.3060758      1.7731109      0.4682747      2.6991196
     20.0000000      4.7853446      3.1408899      1.7150216      1.0767663      0.7522405      4.8037248      3.2660713      1.7520510      0.4668766      2.8108332
     21.0000000      4.7380681      3.0829535      1.6969010      1.0636890      0.7433171      4.7577624      3.2161856      1.7312992      0.4692684      2.7448225
     22.0000000      4.6867809      3.0347681      1.6803201      1.0523839      0.7353412      4.7077293      3.1519120      1.7142705      0.4822216      3.2349243
     23.0000000      4.6231365      2.9935288      1.6622024      1.0410420      0.7272837      4.6452894      3.0976179      1.6991845      0.5072289      3.2633660
     24.0000000      4.5606513      2.9637451      1.6429797      1.0306462      0.7197114      4.5837893      3.0440893      1.6806308      0.4973221      2.9565537
     25.0000000      4.4828596      2.9373443      1.6165982      1.0175912      0.7101614      4.5067148      2.9930761      1.6639045      0.4751119      3.0908186
     26.0000000      4.4087095      2.9163926      1.5796965      1.0013894      0.6982331      4.4330688      2.9585922      1.6427691      0.4815947      3.0596213
     27.0000000      4.3189583      2.8995790      1.5253941      0.9789750      0.6814583      4.3439093      2.9130244      1.6060125      0.4576604      2.9329660
     28.0000000      4.1962008      2.8852282      1.4734975      0.9527141      0.6619230      4.2273650      2.8878276      1.5619617      0.4644670      3.4753127
     29.0000000      3.9262114      2.8664947      1.4387281      0.9283653      0.6447999      3.9454911      2.8702717      1.4921641      0.4363216      2.2479157
     30.0000000      3.8354931      2.8456736      1.4076360      0.9082494      0.6305627      3.8563263      2.8564596      1.4512495      0.4342940      2.6981804
     31.0000000      3.7614884      2.8123169      1.3668846      0.8819011      0.6145469      3.7796080      2.8241622      1.4447558      0.4198090      2.1853361
     32.0000000      3.7165327      2.7674630      1.3307631      0.8537995      0.5976716      3.7322023      2.8122911      1.3739142      0.4085765      1.7935746
     33.0000000      3.6966076      2.7041252      1.2868942      0.8327809      0.5800698      3.7102649      2.7983577      1.3342402      0.4127948      2.4245727
     34.0000000      3.6860445      2.5928407      1.2537987      0.8110687      0.5601354      3.6980422      2.7699211      1.3413638      0.3993046      1.8937331
     35.0000000      3.7078710      2.4237292      1.2248929      0.7872863      0.5463299      3.7186069      2.7327158      1.2685392      0.3463995      2.2959859
     36.0000000      3.7322223      2.2090871      1.1850803      0.7621460      0.5318590      3.7420397      2.6718099      1.1991497      0.3503624      2.1181133
     37.0000000      3.7620268      2.1668746      1.1514720      0.7446141      0.5184315      3.7716134      2.5988467      1.2533185      0.3889605      2.0340984
     38.0000000      3.7881026      2.2164862      1.1256313      0.7255735      0.5053602      3.7978387      2.4680884      1.2060387      0.3210976      1.5748638
     39.0000000      3.8374276      2.2184911      1.1031837      0.7092025      0.4900696      3.8470943      2.2908070      1.0547428      0.3303244      2.0322945
     40.0000000      3.8664927      2.1047158      1.0821023      0.6968018      0.4769620      3.8766310      2.0888200      1.0939771      0.3204675      2.1246674
     41.0000000      3.8918126      1.9908683      1.0576807      0.6832155      0.4687979      3.9067528      2.1728256      1.2181014      0.3276117      2.3155222
     42.0000000      3.8977942      2.0139947      1.0325673      0.6693369      0.4597749      3.9156852      2.2813811      1.1137134      0.2865614      1.7266719
     43.0000000      3.8744256      1.9431719      1.0010935      0.6516489      0.4491028      3.8962831      2.1897819      1.0151662      0.2642493      1.3244078
     44.0000000      3.8255792      1.8857425      0.9827973      0.6360096      0.4368375      3.8572829      1.9439217      0.9015374      0.2902929      1.2224306
     45.0000000      3.7201636      1.8560034      0.9771584      0.6260705      0.4331102      3.7688346      1.7554355      1.0031270      0.3228585      1.7398227
     46.0000000      3.6246109      1.8186125      0.9552117      0.6094296      0.4251413      3.6602402      1.9811653      1.0621401      0.2888213      2.3979867
     47.0000000      3.5068543      1.7560562      0.9370124      0.5991055      0.4169277      3.5422175      2.1244180      1.0659176      0.2420749      1.7179565
     48.0000000      3.2951362      1.7654209      0.9238648      0.5870036      0.4096658      3.3412049      1.8798357      0.9317576      0.2561343      1.6520660
     49.0000000      2.9659288      1.6754659      0.9013267      0.5756334      0.4028555      3.0307541      1.6228282      0.8316550      0.1996345      1.5675251
     50.0000000      2.5145617      1.7145371      0.8935811      0.5621243      0.3935537      2.5954764      1.4913206      0.8830040      0.2506548      1.8032434
     51.0000000      1.9139829      1.6801713      0.8806123      0.5583243      0.3908499      2.0030780      1.7079352      0.8614301      0.3031929      2.1098559
     52.0000000      1.2745731      1.6063681      0.8741905      0.5569853      0.3842750      1.3350639      1.9500167      0.9559460      0.2712093      2.2453401
     53.0000000      1.1970212      1.6239607      0.8633202      0.5446392      0.3784216      1.1357212      1.7726798      0.9850420      0.2673050      2.4829412
     54.0000000      1.9066806      1.6262575      0.8493300      0.5340403      0.3714122      1.8467672      1.7430807      1.0009137      0.2333430      1.8292280
     55.0000000      2.7131944      1.6050742      0.8377277      0.5264823      0.3692435      2.6781154      1.5564549      0.8720937      0.2453032      1.9623600
     56.0000000      3.0351226      1.5886786      0.8360931      0.5291553      0.3670539      3.0648575      1.4192698      0.7941825      0.2184677      2.0003402
     57.0000000      2.8735216      1.5256342      0.8217865      0.5156062      0.3638070      2.9276667      1.6706827      0.9045941      0.2160695      1.7044280
     58.0000000      2.3457375      1.5067393      0.8098837      0.5144545      0.3596108      2.4668837      1.4022796      0.8369541      0.2541835      2.1443679
     59.0000000      1.5549898      1.4905727      0.7960696      0.5006160      0.3516616      1.5757818      1.8781636      0.7993361      0.2472247      2.3034537
     60.0000000      1.6733270      1.4766306      0.7816506      0.4979178      0.3455327      1.5785366      1.6713436      0.8811169      0.2841218      2.2617962
     61.0000000      2.4158022      1.4849622      0.7853447      0.4981095      0.3430004      2.4201152      1.4170324      0.8606651      0.2668472      2.0408883
     62.0000000      2.4490891      1.4788013      0.7643051      0.4849948      0.3402369      2.5197592      1.5753703      0.9095901      0.2321777      1.8960567
     63.0000000      1.9295217      1.4482261      0.7582899      0.4781476      0.3385817      1.9736726      1.6159391      0.7542800      0.2481503      1.8849049
     64.0000000      1.8389822      1.4190761      0.7502447      0.4813970      0.3321638      1.8093671      1.4116899      0.7883835      0.2151914      1.3416383
     65.0000000      2.1461415      1.4053209      0.7290858      0.4713618      0.3248055      2.2042980      1.4177825      0.7263914      0.2496217      1.7342666
     66.0000000      1.9565063      1.4164546      0.7258621      0.4658957      0.3208466      1.9878764      1.2225640      0.7652721      0.2584515      2.1640201
     67.0000000      1.9942086      1.3806260      0.7033953      0.4564786      0.3159115      1.9186186      1.2819818      0.6986124      0.1688244      1.5283436
     68.0000000      2.1220002      1.3769373      0.6819363      0.4467781      0.3105875      2.2018113      1.3145357      0.7673623      0.2147393      1.8824097
     69.0000000      1.6338235      1.3507527      0.6698869      0.4405667      0.3006717      1.5569829      1.1294997      0.7529189      0.1916534      1.6953139
     70.0000000      2.2507713      1.3541257      0.6610590      0.4328679      0.3018210      2.2539258      1.2332907      0.6699641      0.2675645      1.9536084
     71.0000000      1.8537095      1.3165025      0.6325868      0.4175654      0.2871622      2.1648753      1.6174295      0.5757005      0.1825611      1.7417870
     72.0000000      1.5950705      1.3028225      0.6173344      0.4076479      0.2801781      1.3991381      1.4312103      0.7514263      0.2028194      2.0691795
     73.0000000      2.4035082      1.2925347      0.6010633      0.3984150      0.2773998      2.6909890      1.3635136      0.6501912      0.1992264      1.4108422
     74.0000000      1.3900300      1.2898825      0.5950866      0.3994708      0.2683567      1.0215651      1.0090965      0.6858210      0.1927934      1.4824411
     75.0000000      2.5473592      1.2755605      0.5799600      0.3866939      0.2633754      2.7564213      1.1391263      0.6869895      0.2028072      1.3200520
     76.0000000      1.4814521      1.2496772      0.5523300      0.3719124      0.2554042      1.2756610      1.4276285      0.6510355      0.1699743      1.3931365
     77.0000000      2.4363985      1.1990217      0.5214534      0.3518229      0.2394483      2.6579175      0.8554797      0.5914372      0.1458437      1.5917492
     78.0000000      1.3737260      1.1696470      0.5037052      0.3383146      0.2315290      0.8059043      1.2842282      0.6151637      0.1786975      1.5445055
     79.0000000      0.3995806      0.1305619      0.0593566      0.0401510      0.0263324      0.6686273      0.0381500      0.0463834      0.0208380      0.1591120
     80.0000000      0.0991441      0.1247992      0.0564715      0.0369183      0.0245436      0.0016363      0.1232893      0.0602547      0.0122061      0.1436458
