3426875881.648000	-0.005230	-0.008599	0.000034
3426875882.149000	-0.005230	-0.008599	0.000034
3426875882.649000	-0.005230	-0.008599	0.000034
3426875883.149000	-0.005230	-0.008599	0.000034
3426875883.648000	-0.005230	-0.003539	-0.000017
3426875884.149000	-0.005230	-0.008599	0.000034
3426875884.649000	-0.005230	-0.008599	0.000034
3426875885.149000	-0.000170	-0.008599	0.000084
3426875885.649000	-0.000170	-0.008599	0.000084
3426875886.150000	-0.005230	-0.008599	0.000034
3426875886.648000	-0.005230	-0.008599	0.000034
3426875887.149000	-0.000170	-0.003539	0.000034
3426875887.649000	-0.005230	-0.003539	-0.000017
3426875888.150000	-0.000170	-0.008599	0.000084
3426875888.649000	-0.005230	-0.008599	0.000034
3426875889.149000	-0.005230	-0.008599	0.000034
3426875889.650000	-0.000170	-0.003539	0.000034
3426875890.150000	-0.000170	-0.008599	0.000084
3426875890.649000	-0.005230	-0.008599	0.000034
3426875891.149000	-0.005230	-0.008599	0.000034
3426875891.651000	-0.000170	-0.008599	0.000084
3426875892.150000	-0.005230	-0.003539	-0.000017
3426875892.646000	-0.005230	-0.008599	0.000034
3426875893.159000	-0.005230	-0.008599	0.000034
3426875893.641000	-0.005230	-0.008599	0.000034
3426875894.151000	-0.005230	-0.008599	0.000034
3426875894.639000	-0.005230	-0.008599	0.000034
3426875895.151000	-0.005230	-0.008599	0.000034
3426875895.643000	-0.000170	-0.008599	0.000084
3426875896.151000	-0.005230	-0.008599	0.000034
3426875896.651000	-0.000170	-0.008599	0.000084
3426875897.151000	-0.000170	-0.008599	0.000084
3426875897.651000	-0.005230	-0.003539	-0.000017
3426875898.152000	-0.005230	-0.008599	0.000034
3426875898.649000	-0.005230	-0.003539	-0.000017
3426875899.149000	-0.000170	-0.008599	0.000084
3426875899.648000	-0.005230	-0.003539	-0.000017
3426875900.148000	-0.005230	-0.008599	0.000034
3426875900.649000	-0.005230	-0.003539	-0.000017
3426875901.149000	-0.005230	-0.003539	-0.000017
3426875901.649000	-0.000170	-0.003539	0.000034
3426875902.150000	-0.005230	-0.008599	0.000034
3426875902.649000	-0.000170	-0.008599	0.000084
3426875903.149000	-0.000170	-0.008599	0.000084
3426875903.650000	-0.005230	-0.008599	0.000034
3426875904.140000	-0.005230	-0.008599	0.000034
3426875904.649000	-0.005230	-0.008599	0.000034
3426875905.140000	-0.005230	-0.008599	0.000034
3426875905.650000	-0.005230	-0.008599	0.000034
3426875906.149000	-0.005230	-0.008599	0.000034
3426875906.649000	-0.005230	-0.003539	-0.000017
3426875907.150000	-0.005230	-0.008599	0.000034
3426875907.650000	-0.005230	-0.003539	-0.000017
3426875908.150000	-0.000170	-0.008599	0.000084
3426875908.650000	-0.005230	-0.003539	-0.000017
3426875909.150000	-0.005230	-0.008599	0.000034
3426875909.650000	-0.000170	-0.008599	0.000084
3426875910.150000	-0.005230	-0.008599	0.000034
3426875910.650000	-0.000170	-0.008599	0.000084
3426875911.150000	-0.005230	-0.008599	0.000034
3426875911.650000	-0.005230	-0.008599	0.000034
3426875912.150000	-0.005230	-0.003539	-0.000017
3426875912.650000	-0.000170	-0.008599	0.000084
3426875913.150000	-0.000170	-0.008599	0.000084
3426875913.651000	-0.000170	-0.008599	0.000084
3426875914.151000	-0.005230	-0.008599	0.000034
3426875914.650000	-0.000170	-0.008599	0.000084
3426875915.150000	-0.000170	-0.008599	0.000084
3426875915.651000	-0.005230	-0.008599	0.000034
3426875916.151000	-0.000170	-0.008599	0.000084
3426875916.649000	-0.000170	-0.008599	0.000084
3426875917.149000	-0.005230	-0.003539	-0.000017
3426875917.648000	-0.005230	-0.008599	0.000034
3426875918.150000	-0.000170	-0.008599	0.000084
3426875918.650000	-0.005230	-0.003539	-0.000017
3426875919.150000	-0.005230	-0.008599	0.000034
3426875919.648000	-0.000170	-0.008599	0.000084
3426875920.138000	-0.000170	-0.008599	0.000084
3426875920.641000	-0.005230	-0.008599	0.000034
3426875921.136000	-0.005230	-0.008599	0.000034
3426875921.649000	-0.005230	-0.008599	0.000034
3426875922.149000	-0.000170	-0.008599	0.000084
3426875922.649000	-0.005230	-0.008599	0.000034
3426875923.149000	-0.005230	-0.003539	-0.000017
3426875923.649000	-0.005230	-0.008599	0.000034
3426875924.148000	-0.005230	-0.008599	0.000034
3426875924.649000	-0.005230	-0.013658	0.000084
3426875925.149000	-0.005230	-0.008599	0.000034
3426875925.650000	-0.005230	-0.003539	-0.000017
3426875926.150000	-0.005230	-0.003539	-0.000017
3426875926.651000	-0.000170	-0.008599	0.000084
3426875927.150000	-0.005230	-0.008599	0.000034
3426875927.651000	-0.005230	-0.013658	0.000084
3426875928.150000	-0.000170	-0.003539	0.000034
3426875928.650000	-0.005230	-0.003539	-0.000017
3426875929.137000	-0.000170	-0.008599	0.000084
3426875929.646000	-0.000170	-0.008599	0.000084
3426875930.149000	-0.000170	-0.008599	0.000084
3426875930.649000	-0.000170	-0.008599	0.000084
3426875931.150000	-0.005230	-0.008599	0.000034
3426875931.651000	-0.005230	-0.008599	0.000034
3426875932.150000	-0.000170	-0.008599	0.000084
3426875932.648000	-0.005230	-0.008599	0.000034
3426875933.151000	-0.000170	-0.003539	0.000034
3426875933.650000	-0.005230	-0.008599	0.000034
3426875934.149000	-0.000170	-0.008599	0.000084
3426875934.649000	-0.005230	-0.008599	0.000034
3426875935.149000	-0.005230	-0.008599	0.000034
3426875935.650000	-0.005230	-0.003539	-0.000017
3426875936.148000	-0.005230	-0.008599	0.000034
3426875936.650000	-0.005230	-0.008599	0.000034
3426875937.149000	-0.000170	-0.008599	0.000084
3426875937.650000	-0.000170	-0.008599	0.000084
3426875938.150000	-0.005230	-0.008599	0.000034
3426875938.648000	-0.000170	-0.008599	0.000084
3426875939.149000	-0.005230	-0.008599	0.000034
3426875939.650000	-0.000170	-0.008599	0.000084
3426875940.149000	-0.005230	-0.008599	0.000034
3426875940.650000	-0.005230	-0.008599	0.000034
3426875941.149000	-0.000170	-0.003539	0.000034
3426875941.649000	-0.000170	-0.008599	0.000084
3426875942.149000	-0.000170	-0.008599	0.000084
3426875942.650000	-0.000170	-0.008599	0.000084
3426875943.149000	-0.005230	-0.003539	-0.000017
3426875943.649000	-0.005230	-0.008599	0.000034
3426875944.151000	-0.005230	-0.008599	0.000034
3426875944.650000	-0.005230	-0.008599	0.000034
3426875945.150000	-0.005230	-0.008599	0.000034
3426875945.650000	-0.005230	-0.008599	0.000034
3426875946.151000	-0.005230	-0.008599	0.000034
3426875946.649000	-0.000170	-0.003539	0.000034
3426875947.151000	-0.005230	-0.008599	0.000034
3426875947.651000	-0.005230	-0.008599	0.000034
3426875948.150000	-0.005230	-0.008599	0.000034
3426875948.651000	-0.005230	-0.008599	0.000034
3426875949.151000	-0.005230	-0.008599	0.000034
3426875949.651000	-0.005230	-0.008599	0.000034
3426875950.151000	-0.000170	-0.013658	0.000135
3426875950.650000	-0.000170	-0.003539	0.000034
3426875951.149000	-0.005230	-0.008599	0.000034
3426875951.649000	-0.000170	-0.003539	0.000034
3426875952.150000	-0.005230	-0.003539	-0.000017
3426875952.649000	-0.005230	-0.008599	0.000034
3426875953.150000	-0.005230	-0.008599	0.000034
3426875953.649000	-0.005230	-0.008599	0.000034
3426875954.150000	-0.005230	-0.008599	0.000034
3426875954.650000	-0.005230	-0.003539	-0.000017
3426875955.149000	-0.005230	-0.008599	0.000034
3426875955.650000	-0.000170	-0.008599	0.000084
3426875956.150000	-0.005230	-0.003539	-0.000017
3426875956.649000	-0.005230	-0.008599	0.000034
3426875957.149000	-0.005230	-0.008599	0.000034
3426875957.649000	-0.000170	-0.008599	0.000084
3426875958.149000	-0.005230	-0.008599	0.000034
3426875958.649000	-0.000170	-0.003539	0.000034
3426875959.150000	-0.005230	-0.008599	0.000034
3426875959.649000	-0.005230	-0.008599	0.000034
3426875960.149000	-0.005230	-0.008599	0.000034
3426875960.639000	-0.005230	-0.008599	0.000034
3426875961.139000	-0.000170	-0.008599	0.000084
3426875961.648000	-0.005230	-0.008599	0.000034
3426875962.150000	-0.005230	-0.003539	-0.000017
3426875962.651000	-0.005230	-0.008599	0.000034
3426875963.146000	-0.005230	-0.008599	0.000034
3426875963.651000	-0.005230	-0.003539	-0.000017
3426875964.151000	-0.005230	-0.008599	0.000034
3426875964.648000	-0.000170	-0.008599	0.000084
3426875965.151000	-0.000170	-0.008599	0.000084
3426875965.650000	-0.005230	-0.008599	0.000034
3426875966.147000	-0.005230	-0.008599	0.000034
3426875966.650000	-0.000170	-0.003539	0.000034
3426875967.138000	-0.005230	-0.008599	0.000034
3426875967.646000	-0.000170	-0.008599	0.000084
3426875968.151000	-0.005230	-0.008599	0.000034
3426875968.657000	-0.005230	-0.008599	0.000034
3426875969.148000	-0.005230	-0.003539	-0.000017
3426875969.649000	-0.000170	-0.013658	0.000135
3426875970.149000	-0.005230	-0.008599	0.000034
3426875970.652000	-0.005230	-0.008599	0.000034
3426875971.150000	-0.005230	-0.008599	0.000034
3426875971.643000	-0.000170	-0.008599	0.000084
3426875972.148000	-0.005230	-0.008599	0.000034
3426875972.649000	-0.005230	-0.008599	0.000034
3426875973.149000	-0.005230	-0.008599	0.000034
3426875973.650000	-0.005230	-0.003539	-0.000017
3426875974.149000	-0.000170	-0.008599	0.000084
3426875974.637000	-0.005230	-0.008599	0.000034
3426875975.136000	-0.005230	-0.008599	0.000034
3426875975.648000	-0.005230	-0.008599	0.000034
3426875976.146000	-0.005230	-0.008599	0.000034
3426875976.650000	-0.000170	-0.008599	0.000084
3426875977.150000	-0.005230	-0.008599	0.000034
3426875977.649000	-0.000170	-0.013658	0.000135
3426875978.150000	-0.005230	-0.003539	-0.000017
3426875978.649000	-0.000170	-0.003539	0.000034
3426875979.150000	-0.005230	-0.008599	0.000034
3426875979.638000	-0.000170	-0.003539	0.000034
3426875980.137000	-0.005230	-0.003539	-0.000017
3426875980.648000	-0.005230	-0.008599	0.000034
3426875981.149000	-0.000170	-0.008599	0.000084
